i	autoc
0	1.000000
1	0.999549
2	0.998698
3	0.997449
4	0.995802
5	0.993758
6	0.991318
7	0.988485
8	0.985259
9	0.981642
10	0.977635
11	0.973242
12	0.968464
13	0.963303
14	0.957762
15	0.951843
16	0.945549
17	0.938884
18	0.931849
19	0.924449
20	0.916686
21	0.908565
22	0.900088
23	0.891259
24	0.882083
25	0.872563
26	0.862703
27	0.852508
28	0.841983
29	0.831131
30	0.819957
31	0.808467
32	0.796665
33	0.784556
34	0.772145
35	0.759438
36	0.746440
37	0.733157
38	0.719593
39	0.705755
40	0.691649
41	0.677281
42	0.662656
43	0.647781
44	0.632661
45	0.617304
46	0.601715
47	0.585902
48	0.569870
49	0.553626
50	0.537178
51	0.520531
52	0.503692
53	0.486670
54	0.469470
55	0.452099
56	0.434566
57	0.416876
58	0.399038
59	0.381058
60	0.362944
61	0.344703
62	0.326343
63	0.307872
64	0.289296
65	0.270623
66	0.251861
67	0.233017
68	0.214099
69	0.195115
70	0.176073
71	0.156980
72	0.137843
73	0.118671
74	0.099471
75	0.080250
76	0.061018
77	0.041781
78	0.022547
79	0.003323
80	-0.015882
81	-0.035060
82	-0.054205
83	-0.073309
84	-0.092364
85	-0.111362
86	-0.130296
87	-0.149158
88	-0.167941
89	-0.186637
90	-0.205240
91	-0.223741
92	-0.242133
93	-0.260410
94	-0.278563
95	-0.296587
96	-0.314473
97	-0.332214
98	-0.349805
99	-0.367237
100	-0.384504
101	-0.401599
102	-0.418516
103	-0.435248
104	-0.451788
105	-0.468130
106	-0.484269
107	-0.500196
108	-0.515907
109	-0.531395
110	-0.546655
111	-0.561679
112	-0.576464
113	-0.591002
114	-0.605289
115	-0.619318
116	-0.633086
117	-0.646585
118	-0.659812
119	-0.672761
120	-0.685427
121	-0.697806
122	-0.709893
123	-0.721683
124	-0.733172
125	-0.744355
126	-0.755229
127	-0.765790
128	-0.776033
129	-0.785955
130	-0.795552
131	-0.804820
132	-0.813757
133	-0.822359
134	-0.830623
135	-0.838547
136	-0.846126
137	-0.853359
138	-0.860242
139	-0.866775
140	-0.872954
141	-0.878777
142	-0.884242
143	-0.889348
144	-0.894093
145	-0.898475
146	-0.902493
147	-0.906146
148	-0.909433
149	-0.912352
150	-0.914904
151	-0.917086
152	-0.918900
153	-0.920344
154	-0.921418
155	-0.922123
156	-0.922458
157	-0.922424
158	-0.922021
159	-0.921250
160	-0.920111
161	-0.918606
162	-0.916734
163	-0.914498
164	-0.911899
165	-0.908938
166	-0.905616
167	-0.901936
168	-0.897899
169	-0.893507
170	-0.888763
171	-0.883668
172	-0.878226
173	-0.872438
174	-0.866308
175	-0.859837
176	-0.853030
177	-0.845890
178	-0.838418
179	-0.830620
180	-0.822497
181	-0.814055
182	-0.805296
183	-0.796225
184	-0.786845
185	-0.777161
186	-0.767177
187	-0.756896
188	-0.746325
189	-0.735466
190	-0.724325
191	-0.712907
192	-0.701216
193	-0.689257
194	-0.677036
195	-0.664558
196	-0.651828
197	-0.638850
198	-0.625632
199	-0.612178
200	-0.598494
201	-0.584586
202	-0.570460
203	-0.556121
204	-0.541575
205	-0.526829
206	-0.511888
207	-0.496760
208	-0.481449
209	-0.465963
210	-0.450308
211	-0.434490
212	-0.418516
213	-0.402392
214	-0.386125
215	-0.369722
216	-0.353190
217	-0.336534
218	-0.319763
219	-0.302882
220	-0.285900
221	-0.268822
222	-0.251655
223	-0.234407
224	-0.217085
225	-0.199695
226	-0.182245
227	-0.164742
228	-0.147192
229	-0.129604
230	-0.111983
231	-0.094337
232	-0.076674
233	-0.059000
234	-0.041322
235	-0.023647
236	-0.005983
237	0.011663
238	0.029284
239	0.046874
240	0.064426
241	0.081931
242	0.099384
243	0.116777
244	0.134104
245	0.151358
246	0.168531
247	0.185617
248	0.202610
249	0.219502
250	0.236287
251	0.252959
252	0.269510
253	0.285934
254	0.302225
255	0.318377
256	0.334383
257	0.350237
258	0.365932
259	0.381463
260	0.396823
261	0.412007
262	0.427009
263	0.441823
264	0.456443
265	0.470863
266	0.485078
267	0.499083
268	0.512872
269	0.526440
270	0.539781
271	0.552892
272	0.565765
273	0.578398
274	0.590784
275	0.602920
276	0.614800
277	0.626420
278	0.637777
279	0.648865
280	0.659680
281	0.670219
282	0.680477
283	0.690451
284	0.700137
285	0.709532
286	0.718631
287	0.727433
288	0.735933
289	0.744128
290	0.752017
291	0.759595
292	0.766860
293	0.773809
294	0.780441
295	0.786753
296	0.792742
297	0.798407
298	0.803746
299	0.808757
300	0.813438
301	0.817788
302	0.821806
303	0.825490
304	0.828839
305	0.831852
306	0.834529
307	0.836869
308	0.838871
309	0.840534
310	0.841860
311	0.842846
312	0.843494
313	0.843804
314	0.843775
315	0.843409
316	0.842705
317	0.841665
318	0.840289
319	0.838578
320	0.836534
321	0.834157
322	0.831449
323	0.828411
324	0.825045
325	0.821353
326	0.817336
327	0.812997
328	0.808338
329	0.803360
330	0.798066
331	0.792460
332	0.786542
333	0.780317
334	0.773787
335	0.766954
336	0.759823
337	0.752396
338	0.744676
339	0.736667
340	0.728373
341	0.719798
342	0.710944
343	0.701816
344	0.692418
345	0.682754
346	0.672828
347	0.662644
348	0.652207
349	0.641522
350	0.630592
351	0.619424
352	0.608020
353	0.596386
354	0.584528
355	0.572450
356	0.560157
357	0.547654
358	0.534947
359	0.522041
360	0.508942
361	0.495655
362	0.482185
363	0.468538
364	0.454719
365	0.440736
366	0.426592
367	0.412295
368	0.397850
369	0.383263
370	0.368540
371	0.353688
372	0.338711
373	0.323617
374	0.308412
375	0.293101
376	0.277692
377	0.262190
378	0.246601
379	0.230933
380	0.215191
381	0.199382
382	0.183512
383	0.167588
384	0.151617
385	0.135603
386	0.119555
387	0.103479
388	0.087380
389	0.071266
390	0.055143
391	0.039018
392	0.022896
393	0.006785
394	-0.009309
395	-0.025380
396	-0.041422
397	-0.057427
398	-0.073390
399	-0.089304
400	-0.105163
401	-0.120960
402	-0.136690
403	-0.152346
404	-0.167922
405	-0.183412
406	-0.198809
407	-0.214108
408	-0.229303
409	-0.244387
410	-0.259355
411	-0.274201
412	-0.288919
413	-0.303503
414	-0.317948
415	-0.332248
416	-0.346398
417	-0.360391
418	-0.374223
419	-0.387889
420	-0.401382
421	-0.414699
422	-0.427833
423	-0.440779
424	-0.453533
425	-0.466090
426	-0.478445
427	-0.490594
428	-0.502531
429	-0.514252
430	-0.525753
431	-0.537030
432	-0.548078
433	-0.558893
434	-0.569470
435	-0.579807
436	-0.589899
437	-0.599743
438	-0.609335
439	-0.618670
440	-0.627747
441	-0.636562
442	-0.645110
443	-0.653391
444	-0.661399
445	-0.669133
446	-0.676590
447	-0.683766
448	-0.690661
449	-0.697270
450	-0.703593
451	-0.709626
452	-0.715367
453	-0.720816
454	-0.725969
455	-0.730826
456	-0.735384
457	-0.739643
458	-0.743600
459	-0.747255
460	-0.750607
461	-0.753654
462	-0.756396
463	-0.758833
464	-0.760963
465	-0.762786
466	-0.764301
467	-0.765509
468	-0.766410
469	-0.767003
470	-0.767289
471	-0.767268
472	-0.766940
473	-0.766306
474	-0.765366
475	-0.764122
476	-0.762574
477	-0.760723
478	-0.758570
479	-0.756117
480	-0.753365
481	-0.750315
482	-0.746970
483	-0.743330
484	-0.739398
485	-0.735175
486	-0.730664
487	-0.725867
488	-0.720786
489	-0.715424
490	-0.709783
491	-0.703865
492	-0.697674
493	-0.691212
494	-0.684482
495	-0.677488
496	-0.670232
497	-0.662718
498	-0.654948
499	-0.646928
500	-0.638659
501	-0.630146
502	-0.621392
503	-0.612402
504	-0.603178
505	-0.593726
506	-0.584049
507	-0.574152
508	-0.564038
509	-0.553712
510	-0.543179
511	-0.532443
512	-0.521508
513	-0.510379
514	-0.499062
515	-0.487560
516	-0.475878
517	-0.464022
518	-0.451997
519	-0.439807
520	-0.427458
521	-0.414954
522	-0.402302
523	-0.389505
524	-0.376571
525	-0.363503
526	-0.350308
527	-0.336990
528	-0.323556
529	-0.310011
530	-0.296361
531	-0.282610
532	-0.268765
533	-0.254832
534	-0.240816
535	-0.226723
536	-0.212558
537	-0.198328
538	-0.184038
539	-0.169694
540	-0.155302
541	-0.140868
542	-0.126397
543	-0.111896
544	-0.097369
545	-0.082824
546	-0.068266
547	-0.053701
548	-0.039135
549	-0.024573
550	-0.010021
551	0.004514
552	0.019028
553	0.033514
554	0.047966
555	0.062378
556	0.076746
557	0.091063
558	0.105324
559	0.119522
560	0.133653
561	0.147710
562	0.161689
563	0.175583
564	0.189388
565	0.203098
566	0.216707
567	0.230210
568	0.243602
569	0.256877
570	0.270032
571	0.283059
572	0.295955
573	0.308714
574	0.321332
575	0.333803
576	0.346123
577	0.358286
578	0.370290
579	0.382127
580	0.393796
581	0.405289
582	0.416605
583	0.427737
584	0.438683
585	0.449437
586	0.459996
587	0.470355
588	0.480512
589	0.490461
590	0.500200
591	0.509725
592	0.519032
593	0.528118
594	0.536979
595	0.545613
596	0.554015
597	0.562184
598	0.570116
599	0.577808
600	0.585257
601	0.592462
602	0.599418
603	0.606125
604	0.612579
605	0.618779
606	0.624721
607	0.630405
608	0.635828
609	0.640988
610	0.645884
611	0.650515
612	0.654878
613	0.658972
614	0.662796
615	0.666349
616	0.669630
617	0.672638
618	0.675372
619	0.677831
620	0.680015
621	0.681923
622	0.683556
623	0.684912
624	0.685991
625	0.686794
626	0.687321
627	0.687571
628	0.687545
629	0.687244
630	0.686667
631	0.685817
632	0.684692
633	0.683295
634	0.681626
635	0.679686
636	0.677476
637	0.674998
638	0.672253
639	0.669242
640	0.665968
641	0.662431
642	0.658634
643	0.654578
644	0.650266
645	0.645700
646	0.640881
647	0.635812
648	0.630496
649	0.624934
650	0.619131
651	0.613087
652	0.606807
653	0.600292
654	0.593546
655	0.586572
656	0.579374
657	0.571953
658	0.564314
659	0.556460
660	0.548394
661	0.540120
662	0.531642
663	0.522963
664	0.514087
665	0.505018
666	0.495760
667	0.486316
668	0.476692
669	0.466890
670	0.456916
671	0.446773
672	0.436466
673	0.425999
674	0.415377
675	0.404603
676	0.393684
677	0.382622
678	0.371424
679	0.360093
680	0.348635
681	0.337053
682	0.325354
683	0.313541
684	0.301620
685	0.289596
686	0.277473
687	0.265257
688	0.252953
689	0.240566
690	0.228100
691	0.215562
692	0.202955
693	0.190286
694	0.177560
695	0.164781
696	0.151955
697	0.139087
698	0.126182
699	0.113246
700	0.100284
701	0.087301
702	0.074302
703	0.061293
704	0.048278
705	0.035263
706	0.022254
707	0.009255
708	-0.003728
709	-0.016690
710	-0.029627
711	-0.042532
712	-0.055401
713	-0.068229
714	-0.081010
715	-0.093739
716	-0.106412
717	-0.119024
718	-0.131569
719	-0.144042
720	-0.156439
721	-0.168755
722	-0.180985
723	-0.193124
724	-0.205167
725	-0.217110
726	-0.228949
727	-0.240677
728	-0.252292
729	-0.263789
730	-0.275162
731	-0.286408
732	-0.297522
733	-0.308501
734	-0.319339
735	-0.330034
736	-0.340580
737	-0.350973
738	-0.361211
739	-0.371288
740	-0.381202
741	-0.390948
742	-0.400523
743	-0.409923
744	-0.419144
745	-0.428184
746	-0.437039
747	-0.445705
748	-0.454180
749	-0.462460
750	-0.470543
751	-0.478425
752	-0.486103
753	-0.493575
754	-0.500839
755	-0.507891
756	-0.514729
757	-0.521350
758	-0.527753
759	-0.533935
760	-0.539894
761	-0.545628
762	-0.551135
763	-0.556413
764	-0.561461
765	-0.566276
766	-0.570857
767	-0.575203
768	-0.579313
769	-0.583184
770	-0.586816
771	-0.590208
772	-0.593359
773	-0.596268
774	-0.598934
775	-0.601356
776	-0.603534
777	-0.605468
778	-0.607157
779	-0.608601
780	-0.609799
781	-0.610751
782	-0.611458
783	-0.611920
784	-0.612137
785	-0.612108
786	-0.611835
787	-0.611319
788	-0.610559
789	-0.609556
790	-0.608311
791	-0.606826
792	-0.605100
793	-0.603136
794	-0.600934
795	-0.598495
796	-0.595822
797	-0.592914
798	-0.589775
799	-0.586405
800	-0.582807
801	-0.578982
802	-0.574932
803	-0.570659
804	-0.566165
805	-0.561452
806	-0.556523
807	-0.551380
808	-0.546025
809	-0.540461
810	-0.534690
811	-0.528715
812	-0.522539
813	-0.516165
814	-0.509595
815	-0.502833
816	-0.495881
817	-0.488743
818	-0.481421
819	-0.473920
820	-0.466242
821	-0.458390
822	-0.450369
823	-0.442181
824	-0.433831
825	-0.425322
826	-0.416657
827	-0.407840
828	-0.398876
829	-0.389767
830	-0.380518
831	-0.371134
832	-0.361616
833	-0.351971
834	-0.342202
835	-0.332312
836	-0.322307
837	-0.312191
838	-0.301967
839	-0.291640
840	-0.281215
841	-0.270695
842	-0.260085
843	-0.249390
844	-0.238614
845	-0.227761
846	-0.216836
847	-0.205843
848	-0.194787
849	-0.183673
850	-0.172505
851	-0.161288
852	-0.150025
853	-0.138723
854	-0.127385
855	-0.116016
856	-0.104621
857	-0.093204
858	-0.081770
859	-0.070324
860	-0.058869
861	-0.047412
862	-0.035956
863	-0.024506
864	-0.013067
865	-0.001643
866	0.009762
867	0.021142
868	0.032493
869	0.043811
870	0.055091
871	0.066329
872	0.077520
873	0.088660
874	0.099744
875	0.110768
876	0.121728
877	0.132620
878	0.143439
879	0.154181
880	0.164841
881	0.175416
882	0.185902
883	0.196294
884	0.206589
885	0.216782
886	0.226870
887	0.236849
888	0.246714
889	0.256463
890	0.266091
891	0.275595
892	0.284970
893	0.294215
894	0.303325
895	0.312296
896	0.321126
897	0.329811
898	0.338347
899	0.346733
900	0.354964
901	0.363037
902	0.370950
903	0.378699
904	0.386283
905	0.393697
906	0.400940
907	0.408009
908	0.414901
909	0.421614
910	0.428145
911	0.434492
912	0.440653
913	0.446626
914	0.452409
915	0.458000
916	0.463396
917	0.468596
918	0.473599
919	0.478402
920	0.483004
921	0.487404
922	0.491600
923	0.495591
924	0.499375
925	0.502952
926	0.506320
927	0.509479
928	0.512427
929	0.515164
930	0.517689
931	0.520002
932	0.522101
933	0.523987
934	0.525658
935	0.527116
936	0.528359
937	0.529387
938	0.530201
939	0.530801
940	0.531186
941	0.531357
942	0.531314
943	0.531058
944	0.530589
945	0.529908
946	0.529015
947	0.527912
948	0.526598
949	0.525075
950	0.523344
951	0.521407
952	0.519263
953	0.516915
954	0.514363
955	0.511610
956	0.508656
957	0.505503
958	0.502153
959	0.498608
960	0.494869
961	0.490939
962	0.486818
963	0.482510
964	0.478016
965	0.473338
966	0.468479
967	0.463441
968	0.458226
969	0.452837
970	0.447276
971	0.441546
972	0.435650
973	0.429589
974	0.423368
975	0.416988
976	0.410452
977	0.403765
978	0.396927
979	0.389943
980	0.382816
981	0.375548
982	0.368144
983	0.360605
984	0.352936
985	0.345140
986	0.337220
987	0.329179
988	0.321022
989	0.312751
990	0.304370
991	0.295884
992	0.287294
993	0.278605
994	0.269821
995	0.260946
996	0.251982
997	0.242935
998	0.233807
999	0.224603
1000	0.215326
1001	0.205980
1002	0.196570
1003	0.187099
1004	0.177571
1005	0.167990
1006	0.158359
1007	0.148684
1008	0.138967
1009	0.129214
1010	0.119427
1011	0.109611
1012	0.099770
1013	0.089908
1014	0.080029
1015	0.070137
1016	0.060236
1017	0.050330
1018	0.040422
1019	0.030518
1020	0.020620
1021	0.010734
1022	0.000862
1023	-0.008991
1024	-0.018821
1025	-0.028625
1026	-0.038398
1027	-0.048137
1028	-0.057838
1029	-0.067496
1030	-0.077109
1031	-0.086672
1032	-0.096181
1033	-0.105634
1034	-0.115025
1035	-0.124353
1036	-0.133612
1037	-0.142799
1038	-0.151911
1039	-0.160945
1040	-0.169896
1041	-0.178762
1042	-0.187538
1043	-0.196222
1044	-0.204810
1045	-0.213300
1046	-0.221687
1047	-0.229969
1048	-0.238142
1049	-0.246204
1050	-0.254151
1051	-0.261981
1052	-0.269690
1053	-0.277276
1054	-0.284736
1055	-0.292067
1056	-0.299267
1057	-0.306332
1058	-0.313261
1059	-0.320050
1060	-0.326698
1061	-0.333202
1062	-0.339559
1063	-0.345768
1064	-0.351826
1065	-0.357731
1066	-0.363481
1067	-0.369074
1068	-0.374508
1069	-0.379781
1070	-0.384892
1071	-0.389838
1072	-0.394619
1073	-0.399232
1074	-0.403676
1075	-0.407950
1076	-0.412052
1077	-0.415980
1078	-0.419735
1079	-0.423314
1080	-0.426716
1081	-0.429942
1082	-0.432988
1083	-0.435855
1084	-0.438543
1085	-0.441049
1086	-0.443374
1087	-0.445518
1088	-0.447479
1089	-0.449257
1090	-0.450852
1091	-0.452263
1092	-0.453491
1093	-0.454536
1094	-0.455397
1095	-0.456074
1096	-0.456568
1097	-0.456878
1098	-0.457006
1099	-0.456950
1100	-0.456713
1101	-0.456294
1102	-0.455693
1103	-0.454912
1104	-0.453951
1105	-0.452812
1106	-0.451493
1107	-0.449998
1108	-0.448326
1109	-0.446480
1110	-0.444459
1111	-0.442265
1112	-0.439899
1113	-0.437363
1114	-0.434658
1115	-0.431786
1116	-0.428748
1117	-0.425546
1118	-0.422180
1119	-0.418654
1120	-0.414969
1121	-0.411126
1122	-0.407128
1123	-0.402977
1124	-0.398674
1125	-0.394221
1126	-0.389622
1127	-0.384877
1128	-0.379989
1129	-0.374961
1130	-0.369795
1131	-0.364493
1132	-0.359058
1133	-0.353491
1134	-0.347797
1135	-0.341976
1136	-0.336033
1137	-0.329969
1138	-0.323787
1139	-0.317491
1140	-0.311082
1141	-0.304564
1142	-0.297939
1143	-0.291211
1144	-0.284383
1145	-0.277457
1146	-0.270436
1147	-0.263324
1148	-0.256123
1149	-0.248837
1150	-0.241469
1151	-0.234022
1152	-0.226499
1153	-0.218904
1154	-0.211239
1155	-0.203508
1156	-0.195714
1157	-0.187860
1158	-0.179950
1159	-0.171988
1160	-0.163975
1161	-0.155917
1162	-0.147815
1163	-0.139674
1164	-0.131497
1165	-0.123287
1166	-0.115048
1167	-0.106782
1168	-0.098494
1169	-0.090187
1170	-0.081865
1171	-0.073529
1172	-0.065185
1173	-0.056835
1174	-0.048483
1175	-0.040133
1176	-0.031786
1177	-0.023448
1178	-0.015121
1179	-0.006808
1180	0.001486
1181	0.009760
1182	0.018009
1183	0.026230
1184	0.034420
1185	0.042576
1186	0.050694
1187	0.058772
1188	0.066806
1189	0.074793
1190	0.082729
1191	0.090613
1192	0.098441
1193	0.106209
1194	0.113915
1195	0.121555
1196	0.129128
1197	0.136630
1198	0.144057
1199	0.151408
1200	0.158680
1201	0.165869
1202	0.172973
1203	0.179990
1204	0.186916
1205	0.193750
1206	0.200488
1207	0.207128
1208	0.213669
1209	0.220106
1210	0.226438
1211	0.232664
1212	0.238779
1213	0.244783
1214	0.250673
1215	0.256447
1216	0.262102
1217	0.267638
1218	0.273052
1219	0.278341
1220	0.283506
1221	0.288542
1222	0.293449
1223	0.298226
1224	0.302870
1225	0.307380
1226	0.311754
1227	0.315992
1228	0.320091
1229	0.324051
1230	0.327870
1231	0.331546
1232	0.335080
1233	0.338469
1234	0.341713
1235	0.344811
1236	0.347762
1237	0.350565
1238	0.353219
1239	0.355724
1240	0.358079
1241	0.360283
1242	0.362336
1243	0.364238
1244	0.365988
1245	0.367586
1246	0.369031
1247	0.370324
1248	0.371463
1249	0.372450
1250	0.373285
1251	0.373966
1252	0.374495
1253	0.374871
1254	0.375095
1255	0.375167
1256	0.375087
1257	0.374857
1258	0.374475
1259	0.373944
1260	0.373263
1261	0.372433
1262	0.371456
1263	0.370330
1264	0.369059
1265	0.367642
1266	0.366080
1267	0.364374
1268	0.362526
1269	0.360537
1270	0.358408
1271	0.356139
1272	0.353733
1273	0.351190
1274	0.348513
1275	0.345701
1276	0.342758
1277	0.339685
1278	0.336482
1279	0.333152
1280	0.329697
1281	0.326118
1282	0.322417
1283	0.318595
1284	0.314656
1285	0.310600
1286	0.306429
1287	0.302146
1288	0.297753
1289	0.293251
1290	0.288643
1291	0.283931
1292	0.279117
1293	0.274203
1294	0.269192
1295	0.264086
1296	0.258887
1297	0.253598
1298	0.248221
1299	0.242758
1300	0.237212
1301	0.231586
1302	0.225881
1303	0.220101
1304	0.214247
1305	0.208323
1306	0.202332
1307	0.196275
1308	0.190155
1309	0.183975
1310	0.177738
1311	0.171447
1312	0.165103
1313	0.158710
1314	0.152271
1315	0.145788
1316	0.139264
1317	0.132702
1318	0.126105
1319	0.119474
1320	0.112814
1321	0.106127
1322	0.099416
1323	0.092683
1324	0.085931
1325	0.079163
1326	0.072382
1327	0.065591
1328	0.058792
1329	0.051988
1330	0.045183
1331	0.038378
1332	0.031576
1333	0.024781
1334	0.017995
1335	0.011220
1336	0.004460
1337	-0.002282
1338	-0.009006
1339	-0.015706
1340	-0.022382
1341	-0.029029
1342	-0.035647
1343	-0.042231
1344	-0.048780
1345	-0.055291
1346	-0.061761
1347	-0.068188
1348	-0.074569
1349	-0.080902
1350	-0.087185
1351	-0.093414
1352	-0.099589
1353	-0.105706
1354	-0.111763
1355	-0.117757
1356	-0.123687
1357	-0.129551
1358	-0.135346
1359	-0.141069
1360	-0.146720
1361	-0.152295
1362	-0.157793
1363	-0.163212
1364	-0.168550
1365	-0.173805
1366	-0.178974
1367	-0.184057
1368	-0.189051
1369	-0.193955
1370	-0.198767
1371	-0.203485
1372	-0.208107
1373	-0.212633
1374	-0.217060
1375	-0.221386
1376	-0.225612
1377	-0.229734
1378	-0.233753
1379	-0.237666
1380	-0.241472
1381	-0.245170
1382	-0.248758
1383	-0.252237
1384	-0.255604
1385	-0.258859
1386	-0.262000
1387	-0.265027
1388	-0.267939
1389	-0.270735
1390	-0.273414
1391	-0.275976
1392	-0.278419
1393	-0.280744
1394	-0.282949
1395	-0.285035
1396	-0.287000
1397	-0.288845
1398	-0.290568
1399	-0.292171
1400	-0.293651
1401	-0.295010
1402	-0.296246
1403	-0.297361
1404	-0.298353
1405	-0.299223
1406	-0.299971
1407	-0.300596
1408	-0.301100
1409	-0.301482
1410	-0.301743
1411	-0.301882
1412	-0.301901
1413	-0.301799
1414	-0.301577
1415	-0.301235
1416	-0.300775
1417	-0.300196
1418	-0.299499
1419	-0.298685
1420	-0.297755
1421	-0.296709
1422	-0.295548
1423	-0.294273
1424	-0.292885
1425	-0.291385
1426	-0.289774
1427	-0.288053
1428	-0.286223
1429	-0.284285
1430	-0.282240
1431	-0.280089
1432	-0.277834
1433	-0.275476
1434	-0.273017
1435	-0.270457
1436	-0.267797
1437	-0.265041
1438	-0.262188
1439	-0.259241
1440	-0.256200
1441	-0.253068
1442	-0.249846
1443	-0.246535
1444	-0.243138
1445	-0.239656
1446	-0.236091
1447	-0.232444
1448	-0.228718
1449	-0.224913
1450	-0.221033
1451	-0.217078
1452	-0.213050
1453	-0.208953
1454	-0.204786
1455	-0.200553
1456	-0.196256
1457	-0.191896
1458	-0.187475
1459	-0.182995
1460	-0.178459
1461	-0.173868
1462	-0.169225
1463	-0.164532
1464	-0.159790
1465	-0.155002
1466	-0.150170
1467	-0.145296
1468	-0.140382
1469	-0.135431
1470	-0.130444
1471	-0.125424
1472	-0.120373
1473	-0.115293
1474	-0.110186
1475	-0.105054
1476	-0.099901
1477	-0.094727
1478	-0.089535
1479	-0.084327
1480	-0.079106
1481	-0.073873
1482	-0.068632
1483	-0.063383
1484	-0.058129
1485	-0.052873
1486	-0.047616
1487	-0.042360
1488	-0.037109
1489	-0.031863
1490	-0.026626
1491	-0.021398
1492	-0.016183
1493	-0.010983
1494	-0.005798
1495	-0.000633
1496	0.004512
1497	0.009635
1498	0.014733
1499	0.019804
1500	0.024847
1501	0.029859
1502	0.034839
1503	0.039784
1504	0.044693
1505	0.049564
1506	0.054395
1507	0.059184
1508	0.063929
1509	0.068629
1510	0.073281
1511	0.077885
1512	0.082438
1513	0.086939
1514	0.091385
1515	0.095777
1516	0.100111
1517	0.104386
1518	0.108601
1519	0.112754
1520	0.116844
1521	0.120870
1522	0.124830
1523	0.128722
1524	0.132545
1525	0.136298
1526	0.139981
1527	0.143590
1528	0.147126
1529	0.150587
1530	0.153972
1531	0.157280
1532	0.160510
1533	0.163661
1534	0.166731
1535	0.169721
1536	0.172628
1537	0.175453
1538	0.178194
1539	0.180851
1540	0.183423
1541	0.185908
1542	0.188307
1543	0.190619
1544	0.192844
1545	0.194980
1546	0.197027
1547	0.198985
1548	0.200853
1549	0.202631
1550	0.204318
1551	0.205915
1552	0.207420
1553	0.208835
1554	0.210157
1555	0.211389
1556	0.212528
1557	0.213575
1558	0.214531
1559	0.215395
1560	0.216167
1561	0.216847
1562	0.217435
1563	0.217932
1564	0.218338
1565	0.218652
1566	0.218876
1567	0.219009
1568	0.219052
1569	0.219006
1570	0.218869
1571	0.218644
1572	0.218331
1573	0.217929
1574	0.217441
1575	0.216865
1576	0.216203
1577	0.215456
1578	0.214624
1579	0.213708
1580	0.212708
1581	0.211626
1582	0.210463
1583	0.209218
1584	0.207894
1585	0.206490
1586	0.205008
1587	0.203450
1588	0.201815
1589	0.200105
1590	0.198320
1591	0.196463
1592	0.194534
1593	0.192534
1594	0.190465
1595	0.188327
1596	0.186122
1597	0.183852
1598	0.181516
1599	0.179117
1600	0.176656
1601	0.174134
1602	0.171552
1603	0.168913
1604	0.166216
1605	0.163465
1606	0.160659
1607	0.157801
1608	0.154892
1609	0.151933
1610	0.148926
1611	0.145872
1612	0.142773
1613	0.139631
1614	0.136446
1615	0.133221
1616	0.129956
1617	0.126655
1618	0.123317
1619	0.119945
1620	0.116540
1621	0.113104
1622	0.109638
1623	0.106144
1624	0.102624
1625	0.099079
1626	0.095511
1627	0.091921
1628	0.088311
1629	0.084683
1630	0.081038
1631	0.077378
1632	0.073704
1633	0.070018
1634	0.066322
1635	0.062617
1636	0.058905
1637	0.055188
1638	0.051467
1639	0.047743
1640	0.044018
1641	0.040294
1642	0.036573
1643	0.032855
1644	0.029143
1645	0.025437
1646	0.021741
1647	0.018054
1648	0.014378
1649	0.010716
1650	0.007067
1651	0.003435
1652	-0.000180
1653	-0.003776
1654	-0.007352
1655	-0.010906
1656	-0.014438
1657	-0.017945
1658	-0.021427
1659	-0.024881
1660	-0.028308
1661	-0.031705
1662	-0.035071
1663	-0.038404
1664	-0.041705
1665	-0.044971
1666	-0.048201
1667	-0.051395
1668	-0.054550
1669	-0.057666
1670	-0.060742
1671	-0.063777
1672	-0.066770
1673	-0.069719
1674	-0.072623
1675	-0.075482
1676	-0.078295
1677	-0.081061
1678	-0.083778
1679	-0.086447
1680	-0.089065
1681	-0.091633
1682	-0.094150
1683	-0.096614
1684	-0.099025
1685	-0.101383
1686	-0.103686
1687	-0.105934
1688	-0.108126
1689	-0.110262
1690	-0.112341
1691	-0.114363
1692	-0.116327
1693	-0.118232
1694	-0.120079
1695	-0.121866
1696	-0.123594
1697	-0.125261
1698	-0.126868
1699	-0.128415
1700	-0.129900
1701	-0.131324
1702	-0.132687
1703	-0.133987
1704	-0.135226
1705	-0.136403
1706	-0.137518
1707	-0.138570
1708	-0.139560
1709	-0.140488
1710	-0.141354
1711	-0.142157
1712	-0.142898
1713	-0.143577
1714	-0.144193
1715	-0.144748
1716	-0.145241
1717	-0.145672
1718	-0.146042
1719	-0.146351
1720	-0.146599
1721	-0.146787
1722	-0.146914
1723	-0.146981
1724	-0.146989
1725	-0.146937
1726	-0.146827
1727	-0.146659
1728	-0.146432
1729	-0.146149
1730	-0.145808
1731	-0.145411
1732	-0.144959
1733	-0.144451
1734	-0.143889
1735	-0.143273
1736	-0.142603
1737	-0.141881
1738	-0.141107
1739	-0.140281
1740	-0.139406
1741	-0.138480
1742	-0.137505
1743	-0.136482
1744	-0.135411
1745	-0.134294
1746	-0.133131
1747	-0.131923
1748	-0.130670
1749	-0.129375
1750	-0.128037
1751	-0.126657
1752	-0.125237
1753	-0.123777
1754	-0.122278
1755	-0.120742
1756	-0.119168
1757	-0.117559
1758	-0.115915
1759	-0.114237
1760	-0.112526
1761	-0.110783
1762	-0.109009
1763	-0.107205
1764	-0.105372
1765	-0.103512
1766	-0.101624
1767	-0.099711
1768	-0.097774
1769	-0.095812
1770	-0.093828
1771	-0.091823
1772	-0.089797
1773	-0.087752
1774	-0.085688
1775	-0.083607
1776	-0.081510
1777	-0.079398
1778	-0.077271
1779	-0.075132
1780	-0.072981
1781	-0.070819
1782	-0.068647
1783	-0.066466
1784	-0.064278
1785	-0.062083
1786	-0.059883
1787	-0.057678
1788	-0.055469
1789	-0.053258
1790	-0.051046
1791	-0.048833
1792	-0.046621
1793	-0.044410
1794	-0.042202
1795	-0.039997
1796	-0.037797
1797	-0.035603
1798	-0.033415
1799	-0.031234
1800	-0.029062
1801	-0.026899
1802	-0.024746
1803	-0.022604
1804	-0.020474
1805	-0.018357
1806	-0.016254
1807	-0.014165
1808	-0.012092
1809	-0.010035
1810	-0.007995
1811	-0.005973
1812	-0.003969
1813	-0.001985
1814	-0.000021
1815	0.001923
1816	0.003845
1817	0.005744
1818	0.007621
1819	0.009474
1820	0.011303
1821	0.013107
1822	0.014885
1823	0.016638
1824	0.018364
1825	0.020062
1826	0.021733
1827	0.023376
1828	0.024989
1829	0.026574
1830	0.028129
1831	0.029654
1832	0.031148
1833	0.032611
1834	0.034043
1835	0.035443
1836	0.036810
1837	0.038146
1838	0.039449
1839	0.040718
1840	0.041955
1841	0.043158
1842	0.044327
1843	0.045462
1844	0.046562
1845	0.047629
1846	0.048661
1847	0.049658
1848	0.050621
1849	0.051548
1850	0.052441
1851	0.053299
1852	0.054121
1853	0.054909
1854	0.055662
1855	0.056379
1856	0.057062
1857	0.057709
1858	0.058322
1859	0.058900
1860	0.059443
1861	0.059952
1862	0.060426
1863	0.060867
1864	0.061273
1865	0.061645
1866	0.061984
1867	0.062289
1868	0.062561
1869	0.062800
1870	0.063007
1871	0.063181
1872	0.063323
1873	0.063433
1874	0.063513
1875	0.063561
1876	0.063578
1877	0.063566
1878	0.063523
1879	0.063451
1880	0.063350
1881	0.063221
1882	0.063063
1883	0.062878
1884	0.062665
1885	0.062426
1886	0.062160
1887	0.061869
1888	0.061552
1889	0.061211
1890	0.060846
1891	0.060457
1892	0.060045
1893	0.059610
1894	0.059153
1895	0.058675
1896	0.058177
1897	0.057658
1898	0.057119
1899	0.056561
1900	0.055985
1901	0.055391
1902	0.054780
1903	0.054153
1904	0.053509
1905	0.052850
1906	0.052176
1907	0.051489
1908	0.050787
1909	0.050073
1910	0.049347
1911	0.048610
1912	0.047861
1913	0.047102
1914	0.046334
1915	0.045557
1916	0.044771
1917	0.043978
1918	0.043177
1919	0.042371
1920	0.041558
1921	0.040740
1922	0.039918
1923	0.039092
1924	0.038262
1925	0.037430
1926	0.036596
1927	0.035761
1928	0.034924
1929	0.034088
1930	0.033251
1931	0.032416
1932	0.031582
1933	0.030750
1934	0.029921
1935	0.029095
1936	0.028273
1937	0.027455
1938	0.026642
1939	0.025834
1940	0.025032
1941	0.024236
1942	0.023447
1943	0.022666
1944	0.021892
1945	0.021126
1946	0.020370
1947	0.019622
1948	0.018884
1949	0.018156
1950	0.017438
1951	0.016731
1952	0.016036
1953	0.015352
1954	0.014679
1955	0.014019
1956	0.013372
1957	0.012738
1958	0.012117
1959	0.011509
1960	0.010915
1961	0.010335
1962	0.009770
1963	0.009219
1964	0.008683
1965	0.008162
1966	0.007656
1967	0.007166
1968	0.006691
1969	0.006232
1970	0.005788
1971	0.005361
1972	0.004950
1973	0.004555
1974	0.004176
1975	0.003814
1976	0.003468
1977	0.003139
1978	0.002826
1979	0.002530
1980	0.002250
1981	0.001986
1982	0.001739
1983	0.001509
1984	0.001295
1985	0.001097
1986	0.000916
1987	0.000750
1988	0.000601
1989	0.000468
1990	0.000350
1991	0.000248
1992	0.000161
1993	0.000090
1994	0.000033
1995	-0.000008
1996	-0.000035
1997	-0.000047
1998	-0.000045
1999	-0.000029
