Rectangle rule:
end	steps	result	time
1.000000e+01	1.000000e+01	0.845270	3.000000e-07
1.000000e+01	1.000000e+02	0.899328	1.500000e-06
1.000000e+01	1.000000e+03	0.899993	1.380000e-05
1.000000e+01	1.000000e+04	0.900000	1.426000e-04
1.000000e+01	1.000000e+05	0.900000	1.365500e-03
1.000000e+01	1.000000e+06	0.900000	1.044950e-02
1.000000e+01	1.000000e+07	0.900000	6.209340e-02
1.000000e+01	1.000000e+08	0.900000	6.128486e-01
1.000000e+02	1.000000e+01	0.356288	1.000000e-07
1.000000e+02	1.000000e+02	0.925860	6.000000e-07
1.000000e+02	1.000000e+03	0.989186	6.300000e-06
1.000000e+02	1.000000e+04	0.989992	6.270000e-05
1.000000e+02	1.000000e+05	0.990000	6.050000e-04
1.000000e+02	1.000000e+06	0.990000	6.188800e-03
1.000000e+02	1.000000e+07	0.990000	6.210460e-02
1.000000e+02	1.000000e+08	0.990000	6.158462e-01
1.000000e+03	1.000000e+01	0.046760	0.000000e+00
1.000000e+03	1.000000e+02	0.362885	7.000000e-07
1.000000e+03	1.000000e+03	0.933908	6.100000e-06
1.000000e+03	1.000000e+04	0.998171	6.530000e-05
1.000000e+03	1.000000e+05	0.998992	6.140000e-04
1.000000e+03	1.000000e+06	0.999000	6.099200e-03
1.000000e+03	1.000000e+07	0.999000	6.142700e-02
1.000000e+03	1.000000e+08	0.999000	6.199324e-01
1.000000e+04	1.000000e+01	0.004819	1.000000e-07
1.000000e+04	1.000000e+02	0.047617	7.000000e-07
1.000000e+04	1.000000e+03	0.363547	6.200000e-06
1.000000e+04	1.000000e+04	0.934713	6.710000e-05
1.000000e+04	1.000000e+05	0.999070	7.202000e-04
1.000000e+04	1.000000e+06	0.999892	6.017000e-03
1.000000e+04	1.000000e+07	0.999900	6.123380e-02
1.000000e+04	1.000000e+08	0.999900	6.115858e-01
1.000000e+05	1.000000e+01	0.000483	1.000000e-07
1.000000e+05	1.000000e+02	0.004908	6.000000e-07
1.000000e+05	1.000000e+03	0.047703	5.800000e-06
1.000000e+05	1.000000e+04	0.363614	5.780000e-05
1.000000e+05	1.000000e+05	0.934793	6.113000e-04
1.000000e+05	1.000000e+06	0.999160	6.061000e-03
1.000000e+05	1.000000e+07	0.999982	6.097410e-02
1.000000e+05	1.000000e+08	0.999990	6.130454e-01
1.000000e+06	1.000000e+01	0.000048	1.000000e-07
1.000000e+06	1.000000e+02	0.000492	6.000000e-07
1.000000e+06	1.000000e+03	0.004917	6.000000e-06
1.000000e+06	1.000000e+04	0.047712	5.950000e-05
1.000000e+06	1.000000e+05	0.363620	6.013000e-04
1.000000e+06	1.000000e+06	0.934801	5.974100e-03
1.000000e+06	1.000000e+07	0.999169	5.991800e-02
1.000000e+06	1.000000e+08	0.999991	6.090089e-01


Trapezoidal rule:
end	steps	result	time
1.000000e+01	1.000000e+01	1.019744	1.000000e-07
1.000000e+01	1.000000e+02	0.902238	1.500000e-06
1.000000e+01	1.000000e+03	0.900013	1.480000e-05
1.000000e+01	1.000000e+04	0.900009	1.535000e-04
1.000000e+01	1.000000e+05	0.900000	1.574400e-03
1.000000e+01	1.000000e+06	0.900000	1.565280e-02
1.000000e+01	1.000000e+07	0.900000	1.569461e-01
1.000000e+01	1.000000e+08	0.900000	1.555286e+00
1.000000e+02	1.000000e+01	5.084572	1.000000e-07
1.000000e+02	1.000000e+02	1.132449	1.600000e-06
1.000000e+02	1.000000e+03	0.991630	1.560000e-05
1.000000e+02	1.000000e+04	0.990016	1.556000e-04
1.000000e+02	1.000000e+05	0.990000	1.596000e-03
1.000000e+02	1.000000e+06	0.990000	1.584320e-02
1.000000e+02	1.000000e+07	0.990000	1.568933e-01
1.000000e+02	1.000000e+08	0.990000	1.564998e+00
1.000000e+03	1.000000e+01	49.965318	2.000000e-07
1.000000e+03	1.000000e+02	5.137455	1.600000e-06
1.000000e+03	1.000000e+03	1.143675	1.600000e-05
1.000000e+03	1.000000e+04	1.000660	1.600000e-04
1.000000e+03	1.000000e+05	0.999017	1.575300e-03
1.000000e+03	1.000000e+06	0.999000	1.532470e-02
1.000000e+03	1.000000e+07	0.999000	1.553528e-01
1.000000e+03	1.000000e+08	0.999000	1.558731e+00
1.000000e+04	1.000000e+01	499.951552	2.000000e-07
1.000000e+04	1.000000e+02	50.011115	1.600000e-06
1.000000e+04	1.000000e+03	5.142742	1.560000e-05
1.000000e+04	1.000000e+04	1.144808	1.545000e-04
1.000000e+04	1.000000e+05	1.001563	1.517400e-03
1.000000e+04	1.000000e+06	0.999917	1.529860e-02
1.000000e+04	1.000000e+07	0.999900	1.564528e-01
1.000000e+04	1.000000e+08	0.999900	1.562758e+00
1.000000e+05	1.000000e+01	4999.950155	2.000000e-07
1.000000e+05	1.000000e+02	499.996633	1.500000e-06
1.000000e+05	1.000000e+03	50.015702	1.690000e-05
1.000000e+05	1.000000e+04	5.143271	1.560000e-04
1.000000e+05	1.000000e+05	1.144921	1.598800e-03
1.000000e+05	1.000000e+06	1.001653	1.566360e-02
1.000000e+05	1.000000e+07	1.000007	1.560442e-01
1.000000e+05	1.000000e+08	0.999990	1.570552e+00
1.000000e+06	1.000000e+01	49999.950015	2.000000e-07
1.000000e+06	1.000000e+02	4999.995163	1.600000e-06
1.000000e+06	1.000000e+03	500.001142	1.720000e-05
1.000000e+06	1.000000e+04	50.016161	1.597000e-04
1.000000e+06	1.000000e+05	5.143324	1.628000e-03
1.000000e+06	1.000000e+06	1.144933	1.582880e-02
1.000000e+06	1.000000e+07	1.001662	1.592359e-01
1.000000e+06	1.000000e+08	1.000016	1.573196e+00


Monte Carlo:
end	steps	result	time
1.000000e+01	1.000000e+01	0.259188	2.600000e-06
1.000000e+01	1.000000e+02	0.741402	2.700000e-06
1.000000e+01	1.000000e+03	0.860267	1.780000e-05
1.000000e+01	1.000000e+04	0.890380	1.581000e-04
1.000000e+01	1.000000e+05	0.901135	1.588700e-03
1.000000e+01	1.000000e+06	0.900810	1.587120e-02
1.000000e+01	1.000000e+07	0.900631	1.586135e-01
1.000000e+01	1.000000e+08	0.899884	1.589809e+00
1.000000e+02	1.000000e+01	0.036192	1.300000e-06
1.000000e+02	1.000000e+02	0.619805	2.600000e-06
1.000000e+02	1.000000e+03	0.756738	1.630000e-05
1.000000e+02	1.000000e+04	1.055689	1.560000e-04
1.000000e+02	1.000000e+05	1.003928	1.574300e-03
1.000000e+02	1.000000e+06	0.991612	1.595080e-02
1.000000e+02	1.000000e+07	0.990682	1.594704e-01
1.000000e+02	1.000000e+08	0.989334	1.592148e+00
1.000000e+03	1.000000e+01	0.003756	1.400000e-06
1.000000e+03	1.000000e+02	0.148338	2.700000e-06
1.000000e+03	1.000000e+03	0.851907	1.680000e-05
1.000000e+03	1.000000e+04	1.128042	1.595000e-04
1.000000e+03	1.000000e+05	1.004649	1.559700e-03
1.000000e+03	1.000000e+06	0.995834	1.588990e-02
1.000000e+03	1.000000e+07	0.995750	1.584219e-01
1.000000e+03	1.000000e+08	0.996283	1.585762e+00
1.000000e+04	1.000000e+01	0.000377	1.300000e-06
1.000000e+04	1.000000e+02	0.016934	2.700000e-06
1.000000e+04	1.000000e+03	0.947479	1.680000e-05
1.000000e+04	1.000000e+04	0.550190	1.573000e-04
1.000000e+04	1.000000e+05	0.714476	1.582100e-03
1.000000e+04	1.000000e+06	0.951268	1.594170e-02
1.000000e+04	1.000000e+07	0.995372	1.558632e-01
1.000000e+04	1.000000e+08	0.993890	1.570828e+00
1.000000e+05	1.000000e+01	0.000038	1.300000e-06
1.000000e+05	1.000000e+02	0.001717	2.700000e-06
1.000000e+05	1.000000e+03	0.177460	1.630000e-05
1.000000e+05	1.000000e+04	0.082636	1.548000e-04
1.000000e+05	1.000000e+05	0.200072	1.551000e-03
1.000000e+05	1.000000e+06	0.707552	1.543680e-02
1.000000e+05	1.000000e+07	1.041948	1.544115e-01
1.000000e+05	1.000000e+08	1.011246	1.555999e+00
1.000000e+06	1.000000e+01	0.000004	2.200000e-06
1.000000e+06	1.000000e+02	0.000172	2.700000e-06
1.000000e+06	1.000000e+03	0.019143	1.980000e-05
1.000000e+06	1.000000e+04	0.008686	1.537000e-04
1.000000e+06	1.000000e+05	0.025674	1.554400e-03
1.000000e+06	1.000000e+06	0.283728	1.548840e-02
1.000000e+06	1.000000e+07	1.011239	1.566603e-01
1.000000e+06	1.000000e+08	1.007549	1.565463e+00
