-1.000000 1.175201
-0.980000 1.167931
-0.960000 1.160835
-0.940000 1.153911
-0.920000 1.147158
-0.900000 1.140574
-0.880000 1.134157
-0.860000 1.127906
-0.840000 1.121819
-0.820000 1.115895
-0.800000 1.110132
-0.780000 1.104530
-0.760000 1.099085
-0.740000 1.093798
-0.720000 1.088667
-0.700000 1.083691
-0.680000 1.078868
-0.660000 1.074198
-0.640000 1.069678
-0.620000 1.065309
-0.600000 1.061089
-0.580000 1.057017
-0.560000 1.053092
-0.540000 1.049314
-0.520000 1.045680
-0.500000 1.042191
-0.480000 1.038845
-0.460000 1.035642
-0.440000 1.032580
-0.420000 1.029660
-0.400000 1.026881
-0.380000 1.024241
-0.360000 1.021740
-0.340000 1.019378
-0.320000 1.017154
-0.300000 1.015068
-0.280000 1.013118
-0.260000 1.011305
-0.240000 1.009628
-0.220000 1.008086
-0.200000 1.006680
-0.180000 1.005409
-0.160000 1.004272
-0.140000 1.003270
-0.120000 1.002402
-0.100000 1.001668
-0.080000 1.001067
-0.060000 1.000600
-0.040000 1.000267
-0.020000 1.000067
0.000000 1.078652
0.020000 1.000067
0.040000 1.000267
0.060000 1.000600
0.080000 1.001067
0.100000 1.001668
0.120000 1.002402
0.140000 1.003270
0.160000 1.004272
0.180000 1.005409
0.200000 1.006680
0.220000 1.008086
0.240000 1.009628
0.260000 1.011305
0.280000 1.013118
0.300000 1.015068
0.320000 1.017154
0.340000 1.019378
0.360000 1.021740
0.380000 1.024241
0.400000 1.026881
0.420000 1.029660
0.440000 1.032580
0.460000 1.035642
0.480000 1.038845
0.500000 1.042191
0.520000 1.045680
0.540000 1.049314
0.560000 1.053092
0.580000 1.057017
0.600000 1.061089
0.620000 1.065309
0.640000 1.069678
0.660000 1.074198
0.680000 1.078868
0.700000 1.083691
0.720000 1.088667
0.740000 1.093798
0.760000 1.099085
0.780000 1.104530
0.800000 1.110132
0.820000 1.115895
0.840000 1.121819
0.860000 1.127906
0.880000 1.134157
0.900000 1.140574
0.920000 1.147158
0.940000 1.153911
0.960000 1.160835
0.980000 1.167931
