-0.500000 0.786939
-0.499000 0.787300
-0.498000 0.787661
-0.497000 0.788022
-0.496000 0.788384
-0.495000 0.788746
-0.494000 0.789108
-0.493000 0.789470
-0.492000 0.789833
-0.491000 0.790195
-0.490000 0.790558
-0.489000 0.790922
-0.488000 0.791285
-0.487000 0.791649
-0.486000 0.792013
-0.485000 0.792377
-0.484000 0.792741
-0.483000 0.793106
-0.482000 0.793471
-0.481000 0.793836
-0.480000 0.794201
-0.479000 0.794567
-0.478000 0.794933
-0.477000 0.795299
-0.476000 0.795665
-0.475000 0.796031
-0.474000 0.796398
-0.473000 0.796765
-0.472000 0.797132
-0.471000 0.797500
-0.470000 0.797868
-0.469000 0.798235
-0.468000 0.798604
-0.467000 0.798972
-0.466000 0.799341
-0.465000 0.799709
-0.464000 0.800079
-0.463000 0.800448
-0.462000 0.800817
-0.461000 0.801187
-0.460000 0.801557
-0.459000 0.801928
-0.458000 0.802298
-0.457000 0.802669
-0.456000 0.803040
-0.455000 0.803411
-0.454000 0.803783
-0.453000 0.804154
-0.452000 0.804526
-0.451000 0.804898
-0.450000 0.805271
-0.449000 0.805643
-0.448000 0.806016
-0.447000 0.806389
-0.446000 0.806763
-0.445000 0.807136
-0.444000 0.807510
-0.443000 0.807884
-0.442000 0.808259
-0.441000 0.808633
-0.440000 0.809008
-0.439000 0.809383
-0.438000 0.809758
-0.437000 0.810134
-0.436000 0.810510
-0.435000 0.810886
-0.434000 0.811262
-0.433000 0.811639
-0.432000 0.812015
-0.431000 0.812392
-0.430000 0.812770
-0.429000 0.813147
-0.428000 0.813525
-0.427000 0.813903
-0.426000 0.814281
-0.425000 0.814659
-0.424000 0.815038
-0.423000 0.815417
-0.422000 0.815796
-0.421000 0.816176
-0.420000 0.816555
-0.419000 0.816935
-0.418000 0.817315
-0.417000 0.817696
-0.416000 0.818076
-0.415000 0.818457
-0.414000 0.818838
-0.413000 0.819220
-0.412000 0.819601
-0.411000 0.819983
-0.410000 0.820365
-0.409000 0.820748
-0.408000 0.821130
-0.407000 0.821513
-0.406000 0.821896
-0.405000 0.822279
-0.404000 0.822663
-0.403000 0.823047
-0.402000 0.823431
-0.401000 0.823815
-0.400000 0.824200
-0.399000 0.824585
-0.398000 0.824970
-0.397000 0.825355
-0.396000 0.825741
-0.395000 0.826126
-0.394000 0.826513
-0.393000 0.826899
-0.392000 0.827285
-0.391000 0.827672
-0.390000 0.828059
-0.389000 0.828447
-0.388000 0.828834
-0.387000 0.829222
-0.386000 0.829610
-0.385000 0.829998
-0.384000 0.830387
-0.383000 0.830776
-0.382000 0.831165
-0.381000 0.831554
-0.380000 0.831944
-0.379000 0.832333
-0.378000 0.832724
-0.377000 0.833114
-0.376000 0.833504
-0.375000 0.833895
-0.374000 0.834286
-0.373000 0.834678
-0.372000 0.835069
-0.371000 0.835461
-0.370000 0.835853
-0.369000 0.836246
-0.368000 0.836638
-0.367000 0.837031
-0.366000 0.837424
-0.365000 0.837817
-0.364000 0.838211
-0.363000 0.838605
-0.362000 0.838999
-0.361000 0.839393
-0.360000 0.839788
-0.359000 0.840183
-0.358000 0.840578
-0.357000 0.840973
-0.356000 0.841369
-0.355000 0.841765
-0.354000 0.842161
-0.353000 0.842558
-0.352000 0.842954
-0.351000 0.843351
-0.350000 0.843748
-0.349000 0.844146
-0.348000 0.844543
-0.347000 0.844941
-0.346000 0.845340
-0.345000 0.845738
-0.344000 0.846137
-0.343000 0.846536
-0.342000 0.846935
-0.341000 0.847335
-0.340000 0.847734
-0.339000 0.848134
-0.338000 0.848535
-0.337000 0.848935
-0.336000 0.849336
-0.335000 0.849737
-0.334000 0.850138
-0.333000 0.850540
-0.332000 0.850942
-0.331000 0.851344
-0.330000 0.851746
-0.329000 0.852149
-0.328000 0.852552
-0.327000 0.852955
-0.326000 0.853358
-0.325000 0.853762
-0.324000 0.854166
-0.323000 0.854570
-0.322000 0.854975
-0.321000 0.855379
-0.320000 0.855784
-0.319000 0.856190
-0.318000 0.856595
-0.317000 0.857001
-0.316000 0.857407
-0.315000 0.857813
-0.314000 0.858220
-0.313000 0.858626
-0.312000 0.859034
-0.311000 0.859441
-0.310000 0.859849
-0.309000 0.860256
-0.308000 0.860665
-0.307000 0.861073
-0.306000 0.861482
-0.305000 0.861891
-0.304000 0.862300
-0.303000 0.862709
-0.302000 0.863119
-0.301000 0.863529
-0.300000 0.863939
-0.299000 0.864350
-0.298000 0.864761
-0.297000 0.865172
-0.296000 0.865583
-0.295000 0.865995
-0.294000 0.866406
-0.293000 0.866819
-0.292000 0.867231
-0.291000 0.867644
-0.290000 0.868057
-0.289000 0.868470
-0.288000 0.868883
-0.287000 0.869297
-0.286000 0.869711
-0.285000 0.870125
-0.284000 0.870540
-0.283000 0.870955
-0.282000 0.871370
-0.281000 0.871785
-0.280000 0.872201
-0.279000 0.872617
-0.278000 0.873033
-0.277000 0.873449
-0.276000 0.873866
-0.275000 0.874283
-0.274000 0.874700
-0.273000 0.875118
-0.272000 0.875536
-0.271000 0.875954
-0.270000 0.876372
-0.269000 0.876791
-0.268000 0.877210
-0.267000 0.877629
-0.266000 0.878048
-0.265000 0.878468
-0.264000 0.878888
-0.263000 0.879308
-0.262000 0.879729
-0.261000 0.880150
-0.260000 0.880571
-0.259000 0.880992
-0.258000 0.881414
-0.257000 0.881836
-0.256000 0.882258
-0.255000 0.882680
-0.254000 0.883103
-0.253000 0.883526
-0.252000 0.883949
-0.251000 0.884373
-0.250000 0.884797
-0.249000 0.885221
-0.248000 0.885645
-0.247000 0.886070
-0.246000 0.886495
-0.245000 0.886920
-0.244000 0.887346
-0.243000 0.887772
-0.242000 0.888198
-0.241000 0.888624
-0.240000 0.889051
-0.239000 0.889477
-0.238000 0.889905
-0.237000 0.890332
-0.236000 0.890760
-0.235000 0.891188
-0.234000 0.891616
-0.233000 0.892045
-0.232000 0.892474
-0.231000 0.892903
-0.230000 0.893332
-0.229000 0.893762
-0.228000 0.894192
-0.227000 0.894622
-0.226000 0.895053
-0.225000 0.895483
-0.224000 0.895915
-0.223000 0.896346
-0.222000 0.896778
-0.221000 0.897210
-0.220000 0.897642
-0.219000 0.898074
-0.218000 0.898507
-0.217000 0.898940
-0.216000 0.899374
-0.215000 0.899807
-0.214000 0.900241
-0.213000 0.900675
-0.212000 0.901110
-0.211000 0.901545
-0.210000 0.901980
-0.209000 0.902415
-0.208000 0.902851
-0.207000 0.903287
-0.206000 0.903723
-0.205000 0.904159
-0.204000 0.904596
-0.203000 0.905033
-0.202000 0.905471
-0.201000 0.905908
-0.200000 0.906346
-0.199000 0.906784
-0.198000 0.907223
-0.197000 0.907662
-0.196000 0.908101
-0.195000 0.908540
-0.194000 0.908980
-0.193000 0.909420
-0.192000 0.909860
-0.191000 0.910301
-0.190000 0.910741
-0.189000 0.911183
-0.188000 0.911624
-0.187000 0.912066
-0.186000 0.912508
-0.185000 0.912950
-0.184000 0.913392
-0.183000 0.913835
-0.182000 0.914278
-0.181000 0.914722
-0.180000 0.915165
-0.179000 0.915610
-0.178000 0.916054
-0.177000 0.916498
-0.176000 0.916943
-0.175000 0.917388
-0.174000 0.917834
-0.173000 0.918280
-0.172000 0.918726
-0.171000 0.919172
-0.170000 0.919619
-0.169000 0.920066
-0.168000 0.920513
-0.167000 0.920960
-0.166000 0.921408
-0.165000 0.921856
-0.164000 0.922305
-0.163000 0.922753
-0.162000 0.923202
-0.161000 0.923652
-0.160000 0.924101
-0.159000 0.924551
-0.158000 0.925001
-0.157000 0.925452
-0.156000 0.925903
-0.155000 0.926354
-0.154000 0.926805
-0.153000 0.927257
-0.152000 0.927709
-0.151000 0.928161
-0.150000 0.928613
-0.149000 0.929066
-0.148000 0.929519
-0.147000 0.929973
-0.146000 0.930427
-0.145000 0.930881
-0.144000 0.931335
-0.143000 0.931790
-0.142000 0.932245
-0.141000 0.932700
-0.140000 0.933155
-0.139000 0.933611
-0.138000 0.934067
-0.137000 0.934524
-0.136000 0.934981
-0.135000 0.935438
-0.134000 0.935895
-0.133000 0.936353
-0.132000 0.936811
-0.131000 0.937269
-0.130000 0.937727
-0.129000 0.938186
-0.128000 0.938645
-0.127000 0.939105
-0.126000 0.939565
-0.125000 0.940025
-0.124000 0.940485
-0.123000 0.940946
-0.122000 0.941407
-0.121000 0.941868
-0.120000 0.942330
-0.119000 0.942792
-0.118000 0.943254
-0.117000 0.943716
-0.116000 0.944179
-0.115000 0.944642
-0.114000 0.945106
-0.113000 0.945569
-0.112000 0.946033
-0.111000 0.946498
-0.110000 0.946962
-0.109000 0.947427
-0.108000 0.947893
-0.107000 0.948358
-0.106000 0.948824
-0.105000 0.949290
-0.104000 0.949757
-0.103000 0.950224
-0.102000 0.950691
-0.101000 0.951158
-0.100000 0.951626
-0.099000 0.952094
-0.098000 0.952562
-0.097000 0.953031
-0.096000 0.953500
-0.095000 0.953969
-0.094000 0.954439
-0.093000 0.954909
-0.092000 0.955379
-0.091000 0.955849
-0.090000 0.956320
-0.089000 0.956791
-0.088000 0.957263
-0.087000 0.957735
-0.086000 0.958207
-0.085000 0.958679
-0.084000 0.959152
-0.083000 0.959625
-0.082000 0.960098
-0.081000 0.960572
-0.080000 0.961046
-0.079000 0.961520
-0.078000 0.961995
-0.077000 0.962469
-0.076000 0.962945
-0.075000 0.963420
-0.074000 0.963896
-0.073000 0.964372
-0.072000 0.964849
-0.071000 0.965325
-0.070000 0.965803
-0.069000 0.966280
-0.068000 0.966758
-0.067000 0.967236
-0.066000 0.967714
-0.065000 0.968193
-0.064000 0.968672
-0.063000 0.969151
-0.062000 0.969631
-0.061000 0.970111
-0.060000 0.970591
-0.059000 0.971072
-0.058000 0.971553
-0.057000 0.972034
-0.056000 0.972515
-0.055000 0.972997
-0.054000 0.973480
-0.053000 0.973962
-0.052000 0.974445
-0.051000 0.974928
-0.050000 0.975412
-0.049000 0.975895
-0.048000 0.976379
-0.047000 0.976864
-0.046000 0.977349
-0.045000 0.977834
-0.044000 0.978319
-0.043000 0.978805
-0.042000 0.979291
-0.041000 0.979777
-0.040000 0.980264
-0.039000 0.980751
-0.038000 0.981238
-0.037000 0.981726
-0.036000 0.982214
-0.035000 0.982702
-0.034000 0.983191
-0.033000 0.983680
-0.032000 0.984169
-0.031000 0.984659
-0.030000 0.985149
-0.029000 0.985639
-0.028000 0.986130
-0.027000 0.986621
-0.026000 0.987112
-0.025000 0.987604
-0.024000 0.988095
-0.023000 0.988588
-0.022000 0.989080
-0.021000 0.989573
-0.020000 0.990066
-0.019000 0.990560
-0.018000 0.991054
-0.017000 0.991548
-0.016000 0.992042
-0.015000 0.992537
-0.014000 0.993033
-0.013000 0.993528
-0.012000 0.994024
-0.011000 0.994520
-0.010000 0.995017
-0.009000 0.995513
-0.008000 0.996011
-0.007000 0.996508
-0.006000 0.997006
-0.005000 0.997504
-0.004000 0.998003
-0.003000 0.998501
-0.002000 0.999001
-0.001000 0.999500
0.000000 1.015873
0.001000 1.000500
0.002000 1.001001
0.003000 1.001502
0.004000 1.002003
0.005000 1.002504
0.006000 1.003006
0.007000 1.003508
0.008000 1.004011
0.009000 1.004514
0.010000 1.005017
0.011000 1.005520
0.012000 1.006024
0.013000 1.006528
0.014000 1.007033
0.015000 1.007538
0.016000 1.008043
0.017000 1.008548
0.018000 1.009054
0.019000 1.009560
0.020000 1.010067
0.021000 1.010574
0.022000 1.011081
0.023000 1.011589
0.024000 1.012097
0.025000 1.012605
0.026000 1.013113
0.027000 1.013622
0.028000 1.014132
0.029000 1.014641
0.030000 1.015151
0.031000 1.015661
0.032000 1.016172
0.033000 1.016683
0.034000 1.017194
0.035000 1.017706
0.036000 1.018218
0.037000 1.018730
0.038000 1.019243
0.039000 1.019756
0.040000 1.020269
0.041000 1.020783
0.042000 1.021297
0.043000 1.021812
0.044000 1.022326
0.045000 1.022841
0.046000 1.023357
0.047000 1.023873
0.048000 1.024389
0.049000 1.024905
0.050000 1.025422
0.051000 1.025939
0.052000 1.026457
0.053000 1.026974
0.054000 1.027493
0.055000 1.028011
0.056000 1.028530
0.057000 1.029049
0.058000 1.029569
0.059000 1.030089
0.060000 1.030609
0.061000 1.031130
0.062000 1.031651
0.063000 1.032172
0.064000 1.032694
0.065000 1.033216
0.066000 1.033738
0.067000 1.034261
0.068000 1.034784
0.069000 1.035307
0.070000 1.035831
0.071000 1.036355
0.072000 1.036880
0.073000 1.037405
0.074000 1.037930
0.075000 1.038455
0.076000 1.038981
0.077000 1.039507
0.078000 1.040034
0.079000 1.040561
0.080000 1.041088
0.081000 1.041616
0.082000 1.042144
0.083000 1.042672
0.084000 1.043201
0.085000 1.043730
0.086000 1.044260
0.087000 1.044789
0.088000 1.045320
0.089000 1.045850
0.090000 1.046381
0.091000 1.046912
0.092000 1.047444
0.093000 1.047976
0.094000 1.048508
0.095000 1.049041
0.096000 1.049574
0.097000 1.050107
0.098000 1.050641
0.099000 1.051175
0.100000 1.051709
0.101000 1.052244
0.102000 1.052779
0.103000 1.053315
0.104000 1.053851
0.105000 1.054387
0.106000 1.054923
0.107000 1.055460
0.108000 1.055998
0.109000 1.056535
0.110000 1.057073
0.111000 1.057612
0.112000 1.058151
0.113000 1.058690
0.114000 1.059229
0.115000 1.059769
0.116000 1.060309
0.117000 1.060850
0.118000 1.061391
0.119000 1.061932
0.120000 1.062474
0.121000 1.063016
0.122000 1.063558
0.123000 1.064101
0.124000 1.064644
0.125000 1.065188
0.126000 1.065731
0.127000 1.066276
0.128000 1.066820
0.129000 1.067365
0.130000 1.067911
0.131000 1.068456
0.132000 1.069002
0.133000 1.069549
0.134000 1.070096
0.135000 1.070643
0.136000 1.071190
0.137000 1.071738
0.138000 1.072287
0.139000 1.072835
0.140000 1.073384
0.141000 1.073934
0.142000 1.074483
0.143000 1.075034
0.144000 1.075584
0.145000 1.076135
0.146000 1.076686
0.147000 1.077238
0.148000 1.077790
0.149000 1.078342
0.150000 1.078895
0.151000 1.079448
0.152000 1.080002
0.153000 1.080555
0.154000 1.081110
0.155000 1.081664
0.156000 1.082219
0.157000 1.082775
0.158000 1.083330
0.159000 1.083886
0.160000 1.084443
0.161000 1.085000
0.162000 1.085557
0.163000 1.086115
0.164000 1.086673
0.165000 1.087231
0.166000 1.087790
0.167000 1.088349
0.168000 1.088908
0.169000 1.089468
0.170000 1.090029
0.171000 1.090589
0.172000 1.091150
0.173000 1.091712
0.174000 1.092273
0.175000 1.092836
0.176000 1.093398
0.177000 1.093961
0.178000 1.094524
0.179000 1.095088
0.180000 1.095652
0.181000 1.096216
0.182000 1.096781
0.183000 1.097346
0.184000 1.097912
0.185000 1.098478
0.186000 1.099044
0.187000 1.099611
0.188000 1.100178
0.189000 1.100746
0.190000 1.101314
0.191000 1.101882
0.192000 1.102451
0.193000 1.103020
0.194000 1.103589
0.195000 1.104159
0.196000 1.104729
0.197000 1.105300
0.198000 1.105871
0.199000 1.106442
0.200000 1.107014
0.201000 1.107586
0.202000 1.108158
0.203000 1.108731
0.204000 1.109305
0.205000 1.109878
0.206000 1.110452
0.207000 1.111027
0.208000 1.111602
0.209000 1.112177
0.210000 1.112753
0.211000 1.113329
0.212000 1.113905
0.213000 1.114482
0.214000 1.115059
0.215000 1.115637
0.216000 1.116215
0.217000 1.116793
0.218000 1.117372
0.219000 1.117951
0.220000 1.118531
0.221000 1.119111
0.222000 1.119691
0.223000 1.120272
0.224000 1.120853
0.225000 1.121434
0.226000 1.122016
0.227000 1.122599
0.228000 1.123181
0.229000 1.123764
0.230000 1.124348
0.231000 1.124932
0.232000 1.125516
0.233000 1.126101
0.234000 1.126686
0.235000 1.127271
0.236000 1.127857
0.237000 1.128444
0.238000 1.129030
0.239000 1.129617
0.240000 1.130205
0.241000 1.130793
0.242000 1.131381
0.243000 1.131970
0.244000 1.132559
0.245000 1.133148
0.246000 1.133738
0.247000 1.134328
0.248000 1.134919
0.249000 1.135510
0.250000 1.136102
0.251000 1.136694
0.252000 1.137286
0.253000 1.137879
0.254000 1.138472
0.255000 1.139065
0.256000 1.139659
0.257000 1.140253
0.258000 1.140848
0.259000 1.141443
0.260000 1.142039
0.261000 1.142635
0.262000 1.143231
0.263000 1.143828
0.264000 1.144425
0.265000 1.145023
0.266000 1.145621
0.267000 1.146219
0.268000 1.146818
0.269000 1.147417
0.270000 1.148016
0.271000 1.148616
0.272000 1.149217
0.273000 1.149818
0.274000 1.150419
0.275000 1.151021
0.276000 1.151623
0.277000 1.152225
0.278000 1.152828
0.279000 1.153431
0.280000 1.154035
0.281000 1.154639
0.282000 1.155244
0.283000 1.155849
0.284000 1.156454
0.285000 1.157060
0.286000 1.157666
0.287000 1.158273
0.288000 1.158880
0.289000 1.159487
0.290000 1.160095
0.291000 1.160703
0.292000 1.161312
0.293000 1.161921
0.294000 1.162530
0.295000 1.163140
0.296000 1.163751
0.297000 1.164361
0.298000 1.164972
0.299000 1.165584
0.300000 1.166196
0.301000 1.166808
0.302000 1.167421
0.303000 1.168035
0.304000 1.168648
0.305000 1.169262
0.306000 1.169877
0.307000 1.170492
0.308000 1.171107
0.309000 1.171723
0.310000 1.172339
0.311000 1.172956
0.312000 1.173573
0.313000 1.174190
0.314000 1.174808
0.315000 1.175426
0.316000 1.176045
0.317000 1.176664
0.318000 1.177284
0.319000 1.177904
0.320000 1.178524
0.321000 1.179145
0.322000 1.179766
0.323000 1.180388
0.324000 1.181010
0.325000 1.181633
0.326000 1.182256
0.327000 1.182879
0.328000 1.183503
0.329000 1.184127
0.330000 1.184752
0.331000 1.185377
0.332000 1.186003
0.333000 1.186629
0.334000 1.187255
0.335000 1.187882
0.336000 1.188509
0.337000 1.189137
0.338000 1.189765
0.339000 1.190393
0.340000 1.191022
0.341000 1.191652
0.342000 1.192282
0.343000 1.192912
0.344000 1.193543
0.345000 1.194174
0.346000 1.194805
0.347000 1.195437
0.348000 1.196070
0.349000 1.196703
0.350000 1.197336
0.351000 1.197970
0.352000 1.198604
0.353000 1.199238
0.354000 1.199873
0.355000 1.200509
0.356000 1.201145
0.357000 1.201781
0.358000 1.202418
0.359000 1.203055
0.360000 1.203693
0.361000 1.204331
0.362000 1.204969
0.363000 1.205608
0.364000 1.206248
0.365000 1.206888
0.366000 1.207528
0.367000 1.208169
0.368000 1.208810
0.369000 1.209452
0.370000 1.210094
0.371000 1.210736
0.372000 1.211379
0.373000 1.212022
0.374000 1.212666
0.375000 1.213310
0.376000 1.213955
0.377000 1.214600
0.378000 1.215246
0.379000 1.215892
0.380000 1.216538
0.381000 1.217185
0.382000 1.217833
0.383000 1.218480
0.384000 1.219129
0.385000 1.219777
0.386000 1.220427
0.387000 1.221076
0.388000 1.221726
0.389000 1.222377
0.390000 1.223028
0.391000 1.223679
0.392000 1.224331
0.393000 1.224983
0.394000 1.225636
0.395000 1.226289
0.396000 1.226943
0.397000 1.227597
0.398000 1.228251
0.399000 1.228906
0.400000 1.229562
0.401000 1.230218
0.402000 1.230874
0.403000 1.231531
0.404000 1.232188
0.405000 1.232846
0.406000 1.233504
0.407000 1.234162
0.408000 1.234821
0.409000 1.235481
0.410000 1.236141
0.411000 1.236801
0.412000 1.237462
0.413000 1.238124
0.414000 1.238785
0.415000 1.239448
0.416000 1.240110
0.417000 1.240773
0.418000 1.241437
0.419000 1.242101
0.420000 1.242766
0.421000 1.243431
0.422000 1.244096
0.423000 1.244762
0.424000 1.245428
0.425000 1.246095
0.426000 1.246762
0.427000 1.247430
0.428000 1.248098
0.429000 1.248767
0.430000 1.249436
0.431000 1.250106
0.432000 1.250776
0.433000 1.251446
0.434000 1.252117
0.435000 1.252789
0.436000 1.253461
0.437000 1.254133
0.438000 1.254806
0.439000 1.255479
0.440000 1.256153
0.441000 1.256827
0.442000 1.257502
0.443000 1.258177
0.444000 1.258852
0.445000 1.259529
0.446000 1.260205
0.447000 1.260882
0.448000 1.261560
0.449000 1.262238
0.450000 1.262916
0.451000 1.263595
0.452000 1.264274
0.453000 1.264954
0.454000 1.265634
0.455000 1.266315
0.456000 1.266996
0.457000 1.267678
0.458000 1.268360
0.459000 1.269043
0.460000 1.269726
0.461000 1.270410
0.462000 1.271094
0.463000 1.271778
0.464000 1.272463
0.465000 1.273149
0.466000 1.273835
0.467000 1.274521
0.468000 1.275208
0.469000 1.275896
0.470000 1.276583
0.471000 1.277272
0.472000 1.277961
0.473000 1.278650
0.474000 1.279340
0.475000 1.280030
0.476000 1.280721
0.477000 1.281412
0.478000 1.282104
0.479000 1.282796
0.480000 1.283488
0.481000 1.284181
0.482000 1.284875
0.483000 1.285569
0.484000 1.286264
0.485000 1.286959
0.486000 1.287654
0.487000 1.288350
0.488000 1.289047
0.489000 1.289744
0.490000 1.290441
0.491000 1.291139
0.492000 1.291838
0.493000 1.292537
0.494000 1.293236
0.495000 1.293936
0.496000 1.294636
0.497000 1.295337
0.498000 1.296038
0.499000 1.296740
