-0.500000	0.786939	1.042191
-0.499000	0.787300	1.042020
-0.498000	0.787661	1.041850
-0.497000	0.788022	1.041680
-0.496000	0.788384	1.041510
-0.495000	0.788746	1.041341
-0.494000	0.789108	1.041172
-0.493000	0.789470	1.041003
-0.492000	0.789833	1.040835
-0.491000	0.790195	1.040667
-0.490000	0.790558	1.040500
-0.489000	0.790922	1.040333
-0.488000	0.791285	1.040166
-0.487000	0.791649	1.040000
-0.486000	0.792013	1.039834
-0.485000	0.792377	1.039668
-0.484000	0.792741	1.039503
-0.483000	0.793106	1.039338
-0.482000	0.793471	1.039173
-0.481000	0.793836	1.039009
-0.480000	0.794201	1.038845
-0.479000	0.794567	1.038681
-0.478000	0.794933	1.038518
-0.477000	0.795299	1.038355
-0.476000	0.795665	1.038193
-0.475000	0.796031	1.038031
-0.474000	0.796398	1.037869
-0.473000	0.796765	1.037708
-0.472000	0.797132	1.037546
-0.471000	0.797500	1.037386
-0.470000	0.797868	1.037225
-0.469000	0.798235	1.037065
-0.468000	0.798604	1.036906
-0.467000	0.798972	1.036747
-0.466000	0.799341	1.036588
-0.465000	0.799709	1.036429
-0.464000	0.800079	1.036271
-0.463000	0.800448	1.036113
-0.462000	0.800817	1.035956
-0.461000	0.801187	1.035798
-0.460000	0.801557	1.035642
-0.459000	0.801928	1.035485
-0.458000	0.802298	1.035329
-0.457000	0.802669	1.035173
-0.456000	0.803040	1.035018
-0.455000	0.803411	1.034863
-0.454000	0.803783	1.034708
-0.453000	0.804154	1.034554
-0.452000	0.804526	1.034400
-0.451000	0.804898	1.034247
-0.450000	0.805271	1.034093
-0.449000	0.805643	1.033940
-0.448000	0.806016	1.033788
-0.447000	0.806389	1.033636
-0.446000	0.806763	1.033484
-0.445000	0.807136	1.033332
-0.444000	0.807510	1.033181
-0.443000	0.807884	1.033031
-0.442000	0.808259	1.032880
-0.441000	0.808633	1.032730
-0.440000	0.809008	1.032580
-0.439000	0.809383	1.032431
-0.438000	0.809758	1.032282
-0.437000	0.810134	1.032133
-0.436000	0.810510	1.031985
-0.435000	0.810886	1.031837
-0.434000	0.811262	1.031690
-0.433000	0.811639	1.031542
-0.432000	0.812015	1.031396
-0.431000	0.812392	1.031249
-0.430000	0.812770	1.031103
-0.429000	0.813147	1.030957
-0.428000	0.813525	1.030812
-0.427000	0.813903	1.030666
-0.426000	0.814281	1.030522
-0.425000	0.814659	1.030377
-0.424000	0.815038	1.030233
-0.423000	0.815417	1.030089
-0.422000	0.815796	1.029946
-0.421000	0.816176	1.029803
-0.420000	0.816555	1.029660
-0.419000	0.816935	1.029518
-0.418000	0.817315	1.029376
-0.417000	0.817696	1.029235
-0.416000	0.818076	1.029093
-0.415000	0.818457	1.028952
-0.414000	0.818838	1.028812
-0.413000	0.819220	1.028672
-0.412000	0.819601	1.028532
-0.411000	0.819983	1.028392
-0.410000	0.820365	1.028253
-0.409000	0.820748	1.028114
-0.408000	0.821130	1.027976
-0.407000	0.821513	1.027838
-0.406000	0.821896	1.027700
-0.405000	0.822279	1.027563
-0.404000	0.822663	1.027426
-0.403000	0.823047	1.027289
-0.402000	0.823431	1.027152
-0.401000	0.823815	1.027016
-0.400000	0.824200	1.026881
-0.399000	0.824585	1.026746
-0.398000	0.824970	1.026611
-0.397000	0.825355	1.026476
-0.396000	0.825741	1.026342
-0.395000	0.826126	1.026208
-0.394000	0.826513	1.026074
-0.393000	0.826899	1.025941
-0.392000	0.827285	1.025808
-0.391000	0.827672	1.025676
-0.390000	0.828059	1.025543
-0.389000	0.828447	1.025412
-0.388000	0.828834	1.025280
-0.387000	0.829222	1.025149
-0.386000	0.829610	1.025018
-0.385000	0.829998	1.024888
-0.384000	0.830387	1.024758
-0.383000	0.830776	1.024628
-0.382000	0.831165	1.024499
-0.381000	0.831554	1.024370
-0.380000	0.831944	1.024241
-0.379000	0.832333	1.024113
-0.378000	0.832724	1.023985
-0.377000	0.833114	1.023857
-0.376000	0.833504	1.023730
-0.375000	0.833895	1.023603
-0.374000	0.834286	1.023476
-0.373000	0.834678	1.023350
-0.372000	0.835069	1.023224
-0.371000	0.835461	1.023099
-0.370000	0.835853	1.022973
-0.369000	0.836246	1.022849
-0.368000	0.836638	1.022724
-0.367000	0.837031	1.022600
-0.366000	0.837424	1.022476
-0.365000	0.837817	1.022353
-0.364000	0.838211	1.022229
-0.363000	0.838605	1.022107
-0.362000	0.838999	1.021984
-0.361000	0.839393	1.021862
-0.360000	0.839788	1.021740
-0.359000	0.840183	1.021619
-0.358000	0.840578	1.021498
-0.357000	0.840973	1.021377
-0.356000	0.841369	1.021257
-0.355000	0.841765	1.021137
-0.354000	0.842161	1.021017
-0.353000	0.842558	1.020898
-0.352000	0.842954	1.020779
-0.351000	0.843351	1.020660
-0.350000	0.843748	1.020542
-0.349000	0.844146	1.020424
-0.348000	0.844543	1.020307
-0.347000	0.844941	1.020189
-0.346000	0.845340	1.020072
-0.345000	0.845738	1.019956
-0.344000	0.846137	1.019840
-0.343000	0.846536	1.019724
-0.342000	0.846935	1.019608
-0.341000	0.847335	1.019493
-0.340000	0.847734	1.019378
-0.339000	0.848134	1.019264
-0.338000	0.848535	1.019150
-0.337000	0.848935	1.019036
-0.336000	0.849336	1.018922
-0.335000	0.849737	1.018809
-0.334000	0.850138	1.018697
-0.333000	0.850540	1.018584
-0.332000	0.850942	1.018472
-0.331000	0.851344	1.018360
-0.330000	0.851746	1.018249
-0.329000	0.852149	1.018138
-0.328000	0.852552	1.018027
-0.327000	0.852955	1.017917
-0.326000	0.853358	1.017807
-0.325000	0.853762	1.017697
-0.324000	0.854166	1.017588
-0.323000	0.854570	1.017479
-0.322000	0.854975	1.017370
-0.321000	0.855379	1.017262
-0.320000	0.855784	1.017154
-0.319000	0.856190	1.017047
-0.318000	0.856595	1.016939
-0.317000	0.857001	1.016833
-0.316000	0.857407	1.016726
-0.315000	0.857813	1.016620
-0.314000	0.858220	1.016514
-0.313000	0.858626	1.016408
-0.312000	0.859034	1.016303
-0.311000	0.859441	1.016198
-0.310000	0.859849	1.016094
-0.309000	0.860256	1.015990
-0.308000	0.860665	1.015886
-0.307000	0.861073	1.015782
-0.306000	0.861482	1.015679
-0.305000	0.861891	1.015576
-0.304000	0.862300	1.015474
-0.303000	0.862709	1.015372
-0.302000	0.863119	1.015270
-0.301000	0.863529	1.015169
-0.300000	0.863939	1.015068
-0.299000	0.864350	1.014967
-0.298000	0.864761	1.014867
-0.297000	0.865172	1.014766
-0.296000	0.865583	1.014667
-0.295000	0.865995	1.014567
-0.294000	0.866406	1.014468
-0.293000	0.866819	1.014370
-0.292000	0.867231	1.014271
-0.291000	0.867644	1.014173
-0.290000	0.868057	1.014076
-0.289000	0.868470	1.013978
-0.288000	0.868883	1.013881
-0.287000	0.869297	1.013785
-0.286000	0.869711	1.013689
-0.285000	0.870125	1.013593
-0.284000	0.870540	1.013497
-0.283000	0.870955	1.013402
-0.282000	0.871370	1.013307
-0.281000	0.871785	1.013212
-0.280000	0.872201	1.013118
-0.279000	0.872617	1.013024
-0.278000	0.873033	1.012931
-0.277000	0.873449	1.012837
-0.276000	0.873866	1.012744
-0.275000	0.874283	1.012652
-0.274000	0.874700	1.012560
-0.273000	0.875118	1.012468
-0.272000	0.875536	1.012376
-0.271000	0.875954	1.012285
-0.270000	0.876372	1.012194
-0.269000	0.876791	1.012104
-0.268000	0.877210	1.012014
-0.267000	0.877629	1.011924
-0.266000	0.878048	1.011834
-0.265000	0.878468	1.011745
-0.264000	0.878888	1.011657
-0.263000	0.879308	1.011568
-0.262000	0.879729	1.011480
-0.261000	0.880150	1.011392
-0.260000	0.880571	1.011305
-0.259000	0.880992	1.011218
-0.258000	0.881414	1.011131
-0.257000	0.881836	1.011045
-0.256000	0.882258	1.010959
-0.255000	0.882680	1.010873
-0.254000	0.883103	1.010787
-0.253000	0.883526	1.010702
-0.252000	0.883949	1.010618
-0.251000	0.884373	1.010533
-0.250000	0.884797	1.010449
-0.249000	0.885221	1.010366
-0.248000	0.885645	1.010282
-0.247000	0.886070	1.010199
-0.246000	0.886495	1.010117
-0.245000	0.886920	1.010034
-0.244000	0.887346	1.009952
-0.243000	0.887772	1.009871
-0.242000	0.888198	1.009789
-0.241000	0.888624	1.009708
-0.240000	0.889051	1.009628
-0.239000	0.889477	1.009547
-0.238000	0.889905	1.009467
-0.237000	0.890332	1.009388
-0.236000	0.890760	1.009309
-0.235000	0.891188	1.009230
-0.234000	0.891616	1.009151
-0.233000	0.892045	1.009073
-0.232000	0.892474	1.008995
-0.231000	0.892903	1.008917
-0.230000	0.893332	1.008840
-0.229000	0.893762	1.008763
-0.228000	0.894192	1.008687
-0.227000	0.894622	1.008610
-0.226000	0.895053	1.008534
-0.225000	0.895483	1.008459
-0.224000	0.895915	1.008384
-0.223000	0.896346	1.008309
-0.222000	0.896778	1.008234
-0.221000	0.897210	1.008160
-0.220000	0.897642	1.008086
-0.219000	0.898074	1.008013
-0.218000	0.898507	1.007940
-0.217000	0.898940	1.007867
-0.216000	0.899374	1.007794
-0.215000	0.899807	1.007722
-0.214000	0.900241	1.007650
-0.213000	0.900675	1.007579
-0.212000	0.901110	1.007508
-0.211000	0.901545	1.007437
-0.210000	0.901980	1.007366
-0.209000	0.902415	1.007296
-0.208000	0.902851	1.007226
-0.207000	0.903287	1.007157
-0.206000	0.903723	1.007088
-0.205000	0.904159	1.007019
-0.204000	0.904596	1.006950
-0.203000	0.905033	1.006882
-0.202000	0.905471	1.006815
-0.201000	0.905908	1.006747
-0.200000	0.906346	1.006680
-0.199000	0.906784	1.006613
-0.198000	0.907223	1.006547
-0.197000	0.907662	1.006481
-0.196000	0.908101	1.006415
-0.195000	0.908540	1.006350
-0.194000	0.908980	1.006284
-0.193000	0.909420	1.006220
-0.192000	0.909860	1.006155
-0.191000	0.910301	1.006091
-0.190000	0.910741	1.006028
-0.189000	0.911183	1.005964
-0.188000	0.911624	1.005901
-0.187000	0.912066	1.005838
-0.186000	0.912508	1.005776
-0.185000	0.912950	1.005714
-0.184000	0.913392	1.005652
-0.183000	0.913835	1.005591
-0.182000	0.914278	1.005530
-0.181000	0.914722	1.005469
-0.180000	0.915165	1.005409
-0.179000	0.915610	1.005349
-0.178000	0.916054	1.005289
-0.177000	0.916498	1.005230
-0.176000	0.916943	1.005171
-0.175000	0.917388	1.005112
-0.174000	0.917834	1.005054
-0.173000	0.918280	1.004996
-0.172000	0.918726	1.004938
-0.171000	0.919172	1.004881
-0.170000	0.919619	1.004824
-0.169000	0.920066	1.004767
-0.168000	0.920513	1.004711
-0.167000	0.920960	1.004655
-0.166000	0.921408	1.004599
-0.165000	0.921856	1.004544
-0.164000	0.922305	1.004489
-0.163000	0.922753	1.004434
-0.162000	0.923202	1.004380
-0.161000	0.923652	1.004326
-0.160000	0.924101	1.004272
-0.159000	0.924551	1.004219
-0.158000	0.925001	1.004166
-0.157000	0.925452	1.004113
-0.156000	0.925903	1.004061
-0.155000	0.926354	1.004009
-0.154000	0.926805	1.003957
-0.153000	0.927257	1.003906
-0.152000	0.927709	1.003855
-0.151000	0.928161	1.003805
-0.150000	0.928613	1.003754
-0.149000	0.929066	1.003704
-0.148000	0.929519	1.003655
-0.147000	0.929973	1.003605
-0.146000	0.930427	1.003556
-0.145000	0.930881	1.003508
-0.144000	0.931335	1.003460
-0.143000	0.931790	1.003412
-0.142000	0.932245	1.003364
-0.141000	0.932700	1.003317
-0.140000	0.933155	1.003270
-0.139000	0.933611	1.003223
-0.138000	0.934067	1.003177
-0.137000	0.934524	1.003131
-0.136000	0.934981	1.003086
-0.135000	0.935438	1.003040
-0.134000	0.935895	1.002995
-0.133000	0.936353	1.002951
-0.132000	0.936811	1.002907
-0.131000	0.937269	1.002863
-0.130000	0.937727	1.002819
-0.129000	0.938186	1.002776
-0.128000	0.938645	1.002733
-0.127000	0.939105	1.002690
-0.126000	0.939565	1.002648
-0.125000	0.940025	1.002606
-0.124000	0.940485	1.002565
-0.123000	0.940946	1.002523
-0.122000	0.941407	1.002483
-0.121000	0.941868	1.002442
-0.120000	0.942330	1.002402
-0.119000	0.942792	1.002362
-0.118000	0.943254	1.002322
-0.117000	0.943716	1.002283
-0.116000	0.944179	1.002244
-0.115000	0.944642	1.002206
-0.114000	0.945106	1.002167
-0.113000	0.945569	1.002130
-0.112000	0.946033	1.002092
-0.111000	0.946498	1.002055
-0.110000	0.946962	1.002018
-0.109000	0.947427	1.001981
-0.108000	0.947893	1.001945
-0.107000	0.948358	1.001909
-0.106000	0.948824	1.001874
-0.105000	0.949290	1.001839
-0.104000	0.949757	1.001804
-0.103000	0.950224	1.001769
-0.102000	0.950691	1.001735
-0.101000	0.951158	1.001701
-0.100000	0.951626	1.001668
-0.099000	0.952094	1.001634
-0.098000	0.952562	1.001601
-0.097000	0.953031	1.001569
-0.096000	0.953500	1.001537
-0.095000	0.953969	1.001505
-0.094000	0.954439	1.001473
-0.093000	0.954909	1.001442
-0.092000	0.955379	1.001411
-0.091000	0.955849	1.001381
-0.090000	0.956320	1.001351
-0.089000	0.956791	1.001321
-0.088000	0.957263	1.001291
-0.087000	0.957735	1.001262
-0.086000	0.958207	1.001233
-0.085000	0.958679	1.001205
-0.084000	0.959152	1.001176
-0.083000	0.959625	1.001149
-0.082000	0.960098	1.001121
-0.081000	0.960572	1.001094
-0.080000	0.961046	1.001067
-0.079000	0.961520	1.001040
-0.078000	0.961995	1.001014
-0.077000	0.962469	1.000988
-0.076000	0.962945	1.000963
-0.075000	0.963420	1.000938
-0.074000	0.963896	1.000913
-0.073000	0.964372	1.000888
-0.072000	0.964849	1.000864
-0.071000	0.965325	1.000840
-0.070000	0.965803	1.000817
-0.069000	0.966280	1.000794
-0.068000	0.966758	1.000771
-0.067000	0.967236	1.000748
-0.066000	0.967714	1.000726
-0.065000	0.968193	1.000704
-0.064000	0.968672	1.000683
-0.063000	0.969151	1.000662
-0.062000	0.969631	1.000641
-0.061000	0.970111	1.000620
-0.060000	0.970591	1.000600
-0.059000	0.971072	1.000580
-0.058000	0.971553	1.000561
-0.057000	0.972034	1.000542
-0.056000	0.972515	1.000523
-0.055000	0.972997	1.000504
-0.054000	0.973480	1.000486
-0.053000	0.973962	1.000468
-0.052000	0.974445	1.000451
-0.051000	0.974928	1.000434
-0.050000	0.975412	1.000417
-0.049000	0.975895	1.000400
-0.048000	0.976379	1.000384
-0.047000	0.976864	1.000368
-0.046000	0.977349	1.000353
-0.045000	0.977834	1.000338
-0.044000	0.978319	1.000323
-0.043000	0.978805	1.000308
-0.042000	0.979291	1.000294
-0.041000	0.979777	1.000280
-0.040000	0.980264	1.000267
-0.039000	0.980751	1.000254
-0.038000	0.981238	1.000241
-0.037000	0.981726	1.000228
-0.036000	0.982214	1.000216
-0.035000	0.982702	1.000204
-0.034000	0.983191	1.000193
-0.033000	0.983680	1.000182
-0.032000	0.984169	1.000171
-0.031000	0.984659	1.000160
-0.030000	0.985149	1.000150
-0.029000	0.985639	1.000140
-0.028000	0.986130	1.000131
-0.027000	0.986621	1.000122
-0.026000	0.987112	1.000113
-0.025000	0.987604	1.000104
-0.024000	0.988095	1.000096
-0.023000	0.988588	1.000088
-0.022000	0.989080	1.000081
-0.021000	0.989573	1.000074
-0.020000	0.990066	1.000067
-0.019000	0.990560	1.000060
-0.018000	0.991054	1.000054
-0.017000	0.991548	1.000048
-0.016000	0.992042	1.000043
-0.015000	0.992537	1.000038
-0.014000	0.993033	1.000033
-0.013000	0.993528	1.000028
-0.012000	0.994024	1.000024
-0.011000	0.994520	1.000020
-0.010000	0.995017	1.000017
-0.009000	0.995513	1.000014
-0.008000	0.996011	1.000011
-0.007000	0.996508	1.000008
-0.006000	0.997006	1.000006
-0.005000	0.997504	1.000004
-0.004000	0.998003	1.000003
-0.003000	0.998501	1.000002
-0.002000	0.999001	1.000001
-0.001000	0.999500	1.000000
0.000000	1.015873	1.015873
0.001000	1.000500	1.000000
0.002000	1.001001	1.000001
0.003000	1.001502	1.000002
0.004000	1.002003	1.000003
0.005000	1.002504	1.000004
0.006000	1.003006	1.000006
0.007000	1.003508	1.000008
0.008000	1.004011	1.000011
0.009000	1.004514	1.000014
0.010000	1.005017	1.000017
0.011000	1.005520	1.000020
0.012000	1.006024	1.000024
0.013000	1.006528	1.000028
0.014000	1.007033	1.000033
0.015000	1.007538	1.000038
0.016000	1.008043	1.000043
0.017000	1.008548	1.000048
0.018000	1.009054	1.000054
0.019000	1.009560	1.000060
0.020000	1.010067	1.000067
0.021000	1.010574	1.000074
0.022000	1.011081	1.000081
0.023000	1.011589	1.000088
0.024000	1.012097	1.000096
0.025000	1.012605	1.000104
0.026000	1.013113	1.000113
0.027000	1.013622	1.000122
0.028000	1.014132	1.000131
0.029000	1.014641	1.000140
0.030000	1.015151	1.000150
0.031000	1.015661	1.000160
0.032000	1.016172	1.000171
0.033000	1.016683	1.000182
0.034000	1.017194	1.000193
0.035000	1.017706	1.000204
0.036000	1.018218	1.000216
0.037000	1.018730	1.000228
0.038000	1.019243	1.000241
0.039000	1.019756	1.000254
0.040000	1.020269	1.000267
0.041000	1.020783	1.000280
0.042000	1.021297	1.000294
0.043000	1.021812	1.000308
0.044000	1.022326	1.000323
0.045000	1.022841	1.000338
0.046000	1.023357	1.000353
0.047000	1.023873	1.000368
0.048000	1.024389	1.000384
0.049000	1.024905	1.000400
0.050000	1.025422	1.000417
0.051000	1.025939	1.000434
0.052000	1.026457	1.000451
0.053000	1.026974	1.000468
0.054000	1.027493	1.000486
0.055000	1.028011	1.000504
0.056000	1.028530	1.000523
0.057000	1.029049	1.000542
0.058000	1.029569	1.000561
0.059000	1.030089	1.000580
0.060000	1.030609	1.000600
0.061000	1.031130	1.000620
0.062000	1.031651	1.000641
0.063000	1.032172	1.000662
0.064000	1.032694	1.000683
0.065000	1.033216	1.000704
0.066000	1.033738	1.000726
0.067000	1.034261	1.000748
0.068000	1.034784	1.000771
0.069000	1.035307	1.000794
0.070000	1.035831	1.000817
0.071000	1.036355	1.000840
0.072000	1.036880	1.000864
0.073000	1.037405	1.000888
0.074000	1.037930	1.000913
0.075000	1.038455	1.000938
0.076000	1.038981	1.000963
0.077000	1.039507	1.000988
0.078000	1.040034	1.001014
0.079000	1.040561	1.001040
0.080000	1.041088	1.001067
0.081000	1.041616	1.001094
0.082000	1.042144	1.001121
0.083000	1.042672	1.001149
0.084000	1.043201	1.001176
0.085000	1.043730	1.001205
0.086000	1.044260	1.001233
0.087000	1.044789	1.001262
0.088000	1.045320	1.001291
0.089000	1.045850	1.001321
0.090000	1.046381	1.001351
0.091000	1.046912	1.001381
0.092000	1.047444	1.001411
0.093000	1.047976	1.001442
0.094000	1.048508	1.001473
0.095000	1.049041	1.001505
0.096000	1.049574	1.001537
0.097000	1.050107	1.001569
0.098000	1.050641	1.001601
0.099000	1.051175	1.001634
0.100000	1.051709	1.001668
0.101000	1.052244	1.001701
0.102000	1.052779	1.001735
0.103000	1.053315	1.001769
0.104000	1.053851	1.001804
0.105000	1.054387	1.001839
0.106000	1.054923	1.001874
0.107000	1.055460	1.001909
0.108000	1.055998	1.001945
0.109000	1.056535	1.001981
0.110000	1.057073	1.002018
0.111000	1.057612	1.002055
0.112000	1.058151	1.002092
0.113000	1.058690	1.002130
0.114000	1.059229	1.002167
0.115000	1.059769	1.002206
0.116000	1.060309	1.002244
0.117000	1.060850	1.002283
0.118000	1.061391	1.002322
0.119000	1.061932	1.002362
0.120000	1.062474	1.002402
0.121000	1.063016	1.002442
0.122000	1.063558	1.002483
0.123000	1.064101	1.002523
0.124000	1.064644	1.002565
0.125000	1.065188	1.002606
0.126000	1.065731	1.002648
0.127000	1.066276	1.002690
0.128000	1.066820	1.002733
0.129000	1.067365	1.002776
0.130000	1.067911	1.002819
0.131000	1.068456	1.002863
0.132000	1.069002	1.002907
0.133000	1.069549	1.002951
0.134000	1.070096	1.002995
0.135000	1.070643	1.003040
0.136000	1.071190	1.003086
0.137000	1.071738	1.003131
0.138000	1.072287	1.003177
0.139000	1.072835	1.003223
0.140000	1.073384	1.003270
0.141000	1.073934	1.003317
0.142000	1.074483	1.003364
0.143000	1.075034	1.003412
0.144000	1.075584	1.003460
0.145000	1.076135	1.003508
0.146000	1.076686	1.003556
0.147000	1.077238	1.003605
0.148000	1.077790	1.003655
0.149000	1.078342	1.003704
0.150000	1.078895	1.003754
0.151000	1.079448	1.003805
0.152000	1.080002	1.003855
0.153000	1.080555	1.003906
0.154000	1.081110	1.003957
0.155000	1.081664	1.004009
0.156000	1.082219	1.004061
0.157000	1.082775	1.004113
0.158000	1.083330	1.004166
0.159000	1.083886	1.004219
0.160000	1.084443	1.004272
0.161000	1.085000	1.004326
0.162000	1.085557	1.004380
0.163000	1.086115	1.004434
0.164000	1.086673	1.004489
0.165000	1.087231	1.004544
0.166000	1.087790	1.004599
0.167000	1.088349	1.004655
0.168000	1.088908	1.004711
0.169000	1.089468	1.004767
0.170000	1.090029	1.004824
0.171000	1.090589	1.004881
0.172000	1.091150	1.004938
0.173000	1.091712	1.004996
0.174000	1.092273	1.005054
0.175000	1.092836	1.005112
0.176000	1.093398	1.005171
0.177000	1.093961	1.005230
0.178000	1.094524	1.005289
0.179000	1.095088	1.005349
0.180000	1.095652	1.005409
0.181000	1.096216	1.005469
0.182000	1.096781	1.005530
0.183000	1.097346	1.005591
0.184000	1.097912	1.005652
0.185000	1.098478	1.005714
0.186000	1.099044	1.005776
0.187000	1.099611	1.005838
0.188000	1.100178	1.005901
0.189000	1.100746	1.005964
0.190000	1.101314	1.006028
0.191000	1.101882	1.006091
0.192000	1.102451	1.006155
0.193000	1.103020	1.006220
0.194000	1.103589	1.006284
0.195000	1.104159	1.006350
0.196000	1.104729	1.006415
0.197000	1.105300	1.006481
0.198000	1.105871	1.006547
0.199000	1.106442	1.006613
0.200000	1.107014	1.006680
0.201000	1.107586	1.006747
0.202000	1.108158	1.006815
0.203000	1.108731	1.006882
0.204000	1.109305	1.006950
0.205000	1.109878	1.007019
0.206000	1.110452	1.007088
0.207000	1.111027	1.007157
0.208000	1.111602	1.007226
0.209000	1.112177	1.007296
0.210000	1.112753	1.007366
0.211000	1.113329	1.007437
0.212000	1.113905	1.007508
0.213000	1.114482	1.007579
0.214000	1.115059	1.007650
0.215000	1.115637	1.007722
0.216000	1.116215	1.007794
0.217000	1.116793	1.007867
0.218000	1.117372	1.007940
0.219000	1.117951	1.008013
0.220000	1.118531	1.008086
0.221000	1.119111	1.008160
0.222000	1.119691	1.008234
0.223000	1.120272	1.008309
0.224000	1.120853	1.008384
0.225000	1.121434	1.008459
0.226000	1.122016	1.008534
0.227000	1.122599	1.008610
0.228000	1.123181	1.008687
0.229000	1.123764	1.008763
0.230000	1.124348	1.008840
0.231000	1.124932	1.008917
0.232000	1.125516	1.008995
0.233000	1.126101	1.009073
0.234000	1.126686	1.009151
0.235000	1.127271	1.009230
0.236000	1.127857	1.009309
0.237000	1.128444	1.009388
0.238000	1.129030	1.009467
0.239000	1.129617	1.009547
0.240000	1.130205	1.009628
0.241000	1.130793	1.009708
0.242000	1.131381	1.009789
0.243000	1.131970	1.009871
0.244000	1.132559	1.009952
0.245000	1.133148	1.010034
0.246000	1.133738	1.010117
0.247000	1.134328	1.010199
0.248000	1.134919	1.010282
0.249000	1.135510	1.010366
0.250000	1.136102	1.010449
0.251000	1.136694	1.010533
0.252000	1.137286	1.010618
0.253000	1.137879	1.010702
0.254000	1.138472	1.010787
0.255000	1.139065	1.010873
0.256000	1.139659	1.010959
0.257000	1.140253	1.011045
0.258000	1.140848	1.011131
0.259000	1.141443	1.011218
0.260000	1.142039	1.011305
0.261000	1.142635	1.011392
0.262000	1.143231	1.011480
0.263000	1.143828	1.011568
0.264000	1.144425	1.011657
0.265000	1.145023	1.011745
0.266000	1.145621	1.011834
0.267000	1.146219	1.011924
0.268000	1.146818	1.012014
0.269000	1.147417	1.012104
0.270000	1.148016	1.012194
0.271000	1.148616	1.012285
0.272000	1.149217	1.012376
0.273000	1.149818	1.012468
0.274000	1.150419	1.012560
0.275000	1.151021	1.012652
0.276000	1.151623	1.012744
0.277000	1.152225	1.012837
0.278000	1.152828	1.012931
0.279000	1.153431	1.013024
0.280000	1.154035	1.013118
0.281000	1.154639	1.013212
0.282000	1.155244	1.013307
0.283000	1.155849	1.013402
0.284000	1.156454	1.013497
0.285000	1.157060	1.013593
0.286000	1.157666	1.013689
0.287000	1.158273	1.013785
0.288000	1.158880	1.013881
0.289000	1.159487	1.013978
0.290000	1.160095	1.014076
0.291000	1.160703	1.014173
0.292000	1.161312	1.014271
0.293000	1.161921	1.014370
0.294000	1.162530	1.014468
0.295000	1.163140	1.014567
0.296000	1.163751	1.014667
0.297000	1.164361	1.014766
0.298000	1.164972	1.014867
0.299000	1.165584	1.014967
0.300000	1.166196	1.015068
0.301000	1.166808	1.015169
0.302000	1.167421	1.015270
0.303000	1.168035	1.015372
0.304000	1.168648	1.015474
0.305000	1.169262	1.015576
0.306000	1.169877	1.015679
0.307000	1.170492	1.015782
0.308000	1.171107	1.015886
0.309000	1.171723	1.015990
0.310000	1.172339	1.016094
0.311000	1.172956	1.016198
0.312000	1.173573	1.016303
0.313000	1.174190	1.016408
0.314000	1.174808	1.016514
0.315000	1.175426	1.016620
0.316000	1.176045	1.016726
0.317000	1.176664	1.016833
0.318000	1.177284	1.016939
0.319000	1.177904	1.017047
0.320000	1.178524	1.017154
0.321000	1.179145	1.017262
0.322000	1.179766	1.017370
0.323000	1.180388	1.017479
0.324000	1.181010	1.017588
0.325000	1.181633	1.017697
0.326000	1.182256	1.017807
0.327000	1.182879	1.017917
0.328000	1.183503	1.018027
0.329000	1.184127	1.018138
0.330000	1.184752	1.018249
0.331000	1.185377	1.018360
0.332000	1.186003	1.018472
0.333000	1.186629	1.018584
0.334000	1.187255	1.018697
0.335000	1.187882	1.018809
0.336000	1.188509	1.018922
0.337000	1.189137	1.019036
0.338000	1.189765	1.019150
0.339000	1.190393	1.019264
0.340000	1.191022	1.019378
0.341000	1.191652	1.019493
0.342000	1.192282	1.019608
0.343000	1.192912	1.019724
0.344000	1.193543	1.019840
0.345000	1.194174	1.019956
0.346000	1.194805	1.020072
0.347000	1.195437	1.020189
0.348000	1.196070	1.020307
0.349000	1.196703	1.020424
0.350000	1.197336	1.020542
0.351000	1.197970	1.020660
0.352000	1.198604	1.020779
0.353000	1.199238	1.020898
0.354000	1.199873	1.021017
0.355000	1.200509	1.021137
0.356000	1.201145	1.021257
0.357000	1.201781	1.021377
0.358000	1.202418	1.021498
0.359000	1.203055	1.021619
0.360000	1.203693	1.021740
0.361000	1.204331	1.021862
0.362000	1.204969	1.021984
0.363000	1.205608	1.022107
0.364000	1.206248	1.022229
0.365000	1.206888	1.022353
0.366000	1.207528	1.022476
0.367000	1.208169	1.022600
0.368000	1.208810	1.022724
0.369000	1.209452	1.022849
0.370000	1.210094	1.022973
0.371000	1.210736	1.023099
0.372000	1.211379	1.023224
0.373000	1.212022	1.023350
0.374000	1.212666	1.023476
0.375000	1.213310	1.023603
0.376000	1.213955	1.023730
0.377000	1.214600	1.023857
0.378000	1.215246	1.023985
0.379000	1.215892	1.024113
0.380000	1.216538	1.024241
0.381000	1.217185	1.024370
0.382000	1.217833	1.024499
0.383000	1.218480	1.024628
0.384000	1.219129	1.024758
0.385000	1.219777	1.024888
0.386000	1.220427	1.025018
0.387000	1.221076	1.025149
0.388000	1.221726	1.025280
0.389000	1.222377	1.025412
0.390000	1.223028	1.025543
0.391000	1.223679	1.025676
0.392000	1.224331	1.025808
0.393000	1.224983	1.025941
0.394000	1.225636	1.026074
0.395000	1.226289	1.026208
0.396000	1.226943	1.026342
0.397000	1.227597	1.026476
0.398000	1.228251	1.026611
0.399000	1.228906	1.026746
0.400000	1.229562	1.026881
0.401000	1.230218	1.027016
0.402000	1.230874	1.027152
0.403000	1.231531	1.027289
0.404000	1.232188	1.027426
0.405000	1.232846	1.027563
0.406000	1.233504	1.027700
0.407000	1.234162	1.027838
0.408000	1.234821	1.027976
0.409000	1.235481	1.028114
0.410000	1.236141	1.028253
0.411000	1.236801	1.028392
0.412000	1.237462	1.028532
0.413000	1.238124	1.028672
0.414000	1.238785	1.028812
0.415000	1.239448	1.028952
0.416000	1.240110	1.029093
0.417000	1.240773	1.029235
0.418000	1.241437	1.029376
0.419000	1.242101	1.029518
0.420000	1.242766	1.029660
0.421000	1.243431	1.029803
0.422000	1.244096	1.029946
0.423000	1.244762	1.030089
0.424000	1.245428	1.030233
0.425000	1.246095	1.030377
0.426000	1.246762	1.030522
0.427000	1.247430	1.030666
0.428000	1.248098	1.030812
0.429000	1.248767	1.030957
0.430000	1.249436	1.031103
0.431000	1.250106	1.031249
0.432000	1.250776	1.031396
0.433000	1.251446	1.031542
0.434000	1.252117	1.031690
0.435000	1.252789	1.031837
0.436000	1.253461	1.031985
0.437000	1.254133	1.032133
0.438000	1.254806	1.032282
0.439000	1.255479	1.032431
0.440000	1.256153	1.032580
0.441000	1.256827	1.032730
0.442000	1.257502	1.032880
0.443000	1.258177	1.033031
0.444000	1.258852	1.033181
0.445000	1.259529	1.033332
0.446000	1.260205	1.033484
0.447000	1.260882	1.033636
0.448000	1.261560	1.033788
0.449000	1.262238	1.033940
0.450000	1.262916	1.034093
0.451000	1.263595	1.034247
0.452000	1.264274	1.034400
0.453000	1.264954	1.034554
0.454000	1.265634	1.034708
0.455000	1.266315	1.034863
0.456000	1.266996	1.035018
0.457000	1.267678	1.035173
0.458000	1.268360	1.035329
0.459000	1.269043	1.035485
0.460000	1.269726	1.035642
0.461000	1.270410	1.035798
0.462000	1.271094	1.035956
0.463000	1.271778	1.036113
0.464000	1.272463	1.036271
0.465000	1.273149	1.036429
0.466000	1.273835	1.036588
0.467000	1.274521	1.036747
0.468000	1.275208	1.036906
0.469000	1.275896	1.037065
0.470000	1.276583	1.037225
0.471000	1.277272	1.037386
0.472000	1.277961	1.037546
0.473000	1.278650	1.037708
0.474000	1.279340	1.037869
0.475000	1.280030	1.038031
0.476000	1.280721	1.038193
0.477000	1.281412	1.038355
0.478000	1.282104	1.038518
0.479000	1.282796	1.038681
0.480000	1.283488	1.038845
0.481000	1.284181	1.039009
0.482000	1.284875	1.039173
0.483000	1.285569	1.039338
0.484000	1.286264	1.039503
0.485000	1.286959	1.039668
0.486000	1.287654	1.039834
0.487000	1.288350	1.040000
0.488000	1.289047	1.040166
0.489000	1.289744	1.040333
0.490000	1.290441	1.040500
0.491000	1.291139	1.040667
0.492000	1.291838	1.040835
0.493000	1.292537	1.041003
0.494000	1.293236	1.041172
0.495000	1.293936	1.041341
0.496000	1.294636	1.041510
0.497000	1.295337	1.041680
0.498000	1.296038	1.041850
0.499000	1.296740	1.042020
